{
 "cells": [
  {
   "cell_type": "code",
   "execution_count": 64,
   "metadata": {},
   "outputs": [],
   "source": [
    "from pypfopt.expected_returns import mean_historical_return\n",
    "from pypfopt.risk_models import CovarianceShrinkage\n",
    "import numpy as np\n",
    "import pandas as pd\n",
    "import torch"
   ]
  },
  {
   "cell_type": "code",
   "execution_count": 65,
   "metadata": {},
   "outputs": [],
   "source": [
    "df = pd.read_csv(\"stock_prices.csv\").drop(\"date\", axis=1)"
   ]
  },
  {
   "cell_type": "code",
   "execution_count": 66,
   "metadata": {},
   "outputs": [],
   "source": [
    "sector_mapper = {\n",
    "        \"GOOG\": \"tech\",\n",
    "        \"AAPL\": \"tech\",\n",
    "        \"FB\": \"tech\",\n",
    "        \"AMZN\": \"tech\",\n",
    "        \"BABA\": \"tech\",\n",
    "        \"GE\": \"utility\",\n",
    "        \"AMD\": \"tech\",\n",
    "        \"WMT\": \"retail\",\n",
    "        \"BAC\": \"fig\",\n",
    "        \"GM\": \"auto\",\n",
    "        \"T\": \"auto\",\n",
    "        \"UAA\": \"airline\",\n",
    "        \"SHLD\": \"retail\",\n",
    "        \"XOM\": \"energy\",\n",
    "        \"RRC\": \"energy\",\n",
    "        \"BBY\": \"retail\",\n",
    "        \"MA\": \"fig\",\n",
    "        \"PFE\": \"pharma\",\n",
    "        \"JPM\": \"fig\",\n",
    "        \"SBUX\": \"retail\",\n",
    "    }\n"
   ]
  },
  {
   "cell_type": "code",
   "execution_count": 67,
   "metadata": {},
   "outputs": [],
   "source": [
    "#df = df.iloc[:, :20]"
   ]
  },
  {
   "cell_type": "code",
   "execution_count": 68,
   "metadata": {},
   "outputs": [],
   "source": [
    "mu = mean_historical_return(df)\n",
    "S = CovarianceShrinkage(df).ledoit_wolf()"
   ]
  },
  {
   "cell_type": "code",
   "execution_count": 69,
   "metadata": {},
   "outputs": [],
   "source": [
    "tech = mu.iloc[[0,1,2,3,4,6]]\n",
    "utility = mu.iloc[[5]]\n",
    "retail = mu.iloc[[7, 12, 15, 19]]\n",
    "fig = mu.iloc[[8, 16, 18]]\n",
    "auto = mu.iloc[[9,10]]\n",
    "airline = mu.iloc[[11]]\n",
    "energy = mu.iloc[[13, 14]]\n",
    "pharma = mu.iloc[[17]]"
   ]
  },
  {
   "cell_type": "code",
   "execution_count": 70,
   "metadata": {},
   "outputs": [
    {
     "data": {
      "text/plain": [
       "PFE    0.226718\n",
       "XOM    0.143051\n",
       "RRC    0.073636\n",
       "dtype: float64"
      ]
     },
     "execution_count": 70,
     "metadata": {},
     "output_type": "execute_result"
    }
   ],
   "source": [
    "pd.concat([pharma,energy])"
   ]
  },
  {
   "cell_type": "code",
   "execution_count": 71,
   "metadata": {},
   "outputs": [
    {
     "data": {
      "text/plain": [
       "GOOG    0.247967\n",
       "AAPL    0.294305\n",
       "FB      0.284037\n",
       "BABA    0.192316\n",
       "AMZN    0.371328\n",
       "GE      0.136009\n",
       "AMD     0.032850\n",
       "WMT     0.120012\n",
       "BAC     0.105540\n",
       "GM      0.042346\n",
       "T       0.100256\n",
       "UAA     0.144224\n",
       "SHLD   -0.079260\n",
       "XOM     0.143051\n",
       "RRC     0.073636\n",
       "BBY     0.238835\n",
       "MA      0.388666\n",
       "PFE     0.226718\n",
       "JPM     0.156170\n",
       "SBUX    0.231815\n",
       "dtype: float64"
      ]
     },
     "execution_count": 71,
     "metadata": {},
     "output_type": "execute_result"
    }
   ],
   "source": [
    "mu"
   ]
  },
  {
   "cell_type": "code",
   "execution_count": 72,
   "metadata": {},
   "outputs": [
    {
     "data": {
      "text/html": [
       "<div>\n",
       "<style scoped>\n",
       "    .dataframe tbody tr th:only-of-type {\n",
       "        vertical-align: middle;\n",
       "    }\n",
       "\n",
       "    .dataframe tbody tr th {\n",
       "        vertical-align: top;\n",
       "    }\n",
       "\n",
       "    .dataframe thead th {\n",
       "        text-align: right;\n",
       "    }\n",
       "</style>\n",
       "<table border=\"1\" class=\"dataframe\">\n",
       "  <thead>\n",
       "    <tr style=\"text-align: right;\">\n",
       "      <th></th>\n",
       "      <th>GOOG</th>\n",
       "      <th>AAPL</th>\n",
       "      <th>FB</th>\n",
       "      <th>BABA</th>\n",
       "      <th>AMZN</th>\n",
       "      <th>GE</th>\n",
       "      <th>AMD</th>\n",
       "      <th>WMT</th>\n",
       "      <th>BAC</th>\n",
       "      <th>GM</th>\n",
       "      <th>T</th>\n",
       "      <th>UAA</th>\n",
       "      <th>SHLD</th>\n",
       "      <th>XOM</th>\n",
       "      <th>RRC</th>\n",
       "      <th>BBY</th>\n",
       "      <th>MA</th>\n",
       "      <th>PFE</th>\n",
       "      <th>JPM</th>\n",
       "      <th>SBUX</th>\n",
       "    </tr>\n",
       "  </thead>\n",
       "  <tbody>\n",
       "    <tr>\n",
       "      <th>GOOG</th>\n",
       "      <td>0.045529</td>\n",
       "      <td>0.022143</td>\n",
       "      <td>0.006389</td>\n",
       "      <td>0.003720</td>\n",
       "      <td>0.026085</td>\n",
       "      <td>0.015815</td>\n",
       "      <td>0.021761</td>\n",
       "      <td>0.008238</td>\n",
       "      <td>0.026957</td>\n",
       "      <td>0.006163</td>\n",
       "      <td>0.011058</td>\n",
       "      <td>0.021371</td>\n",
       "      <td>0.016418</td>\n",
       "      <td>0.013362</td>\n",
       "      <td>0.018714</td>\n",
       "      <td>0.016089</td>\n",
       "      <td>0.019593</td>\n",
       "      <td>0.010683</td>\n",
       "      <td>0.023249</td>\n",
       "      <td>0.018075</td>\n",
       "    </tr>\n",
       "    <tr>\n",
       "      <th>AAPL</th>\n",
       "      <td>0.022143</td>\n",
       "      <td>0.207037</td>\n",
       "      <td>0.004334</td>\n",
       "      <td>0.002954</td>\n",
       "      <td>0.058200</td>\n",
       "      <td>0.038102</td>\n",
       "      <td>0.084053</td>\n",
       "      <td>0.026429</td>\n",
       "      <td>0.045966</td>\n",
       "      <td>0.005791</td>\n",
       "      <td>0.019846</td>\n",
       "      <td>0.020659</td>\n",
       "      <td>0.022127</td>\n",
       "      <td>0.020236</td>\n",
       "      <td>0.029179</td>\n",
       "      <td>0.048719</td>\n",
       "      <td>0.019587</td>\n",
       "      <td>0.021324</td>\n",
       "      <td>0.046814</td>\n",
       "      <td>0.039789</td>\n",
       "    </tr>\n",
       "    <tr>\n",
       "      <th>FB</th>\n",
       "      <td>0.006389</td>\n",
       "      <td>0.004334</td>\n",
       "      <td>0.029233</td>\n",
       "      <td>0.003770</td>\n",
       "      <td>0.007619</td>\n",
       "      <td>0.003008</td>\n",
       "      <td>0.005804</td>\n",
       "      <td>0.001243</td>\n",
       "      <td>0.004766</td>\n",
       "      <td>0.003499</td>\n",
       "      <td>0.001395</td>\n",
       "      <td>0.009407</td>\n",
       "      <td>0.002191</td>\n",
       "      <td>0.002214</td>\n",
       "      <td>0.002741</td>\n",
       "      <td>0.003813</td>\n",
       "      <td>0.004727</td>\n",
       "      <td>0.002550</td>\n",
       "      <td>0.003842</td>\n",
       "      <td>0.004501</td>\n",
       "    </tr>\n",
       "    <tr>\n",
       "      <th>BABA</th>\n",
       "      <td>0.003720</td>\n",
       "      <td>0.002954</td>\n",
       "      <td>0.003770</td>\n",
       "      <td>0.013438</td>\n",
       "      <td>0.004176</td>\n",
       "      <td>0.002011</td>\n",
       "      <td>0.006332</td>\n",
       "      <td>0.001081</td>\n",
       "      <td>0.003077</td>\n",
       "      <td>0.002573</td>\n",
       "      <td>0.000891</td>\n",
       "      <td>0.003461</td>\n",
       "      <td>0.003114</td>\n",
       "      <td>0.001751</td>\n",
       "      <td>0.002973</td>\n",
       "      <td>0.002441</td>\n",
       "      <td>0.003182</td>\n",
       "      <td>0.001624</td>\n",
       "      <td>0.002654</td>\n",
       "      <td>0.002162</td>\n",
       "    </tr>\n",
       "    <tr>\n",
       "      <th>AMZN</th>\n",
       "      <td>0.026085</td>\n",
       "      <td>0.058200</td>\n",
       "      <td>0.007619</td>\n",
       "      <td>0.004176</td>\n",
       "      <td>0.276365</td>\n",
       "      <td>0.038169</td>\n",
       "      <td>0.075657</td>\n",
       "      <td>0.027457</td>\n",
       "      <td>0.049062</td>\n",
       "      <td>0.006527</td>\n",
       "      <td>0.018720</td>\n",
       "      <td>0.027889</td>\n",
       "      <td>0.027333</td>\n",
       "      <td>0.019637</td>\n",
       "      <td>0.029789</td>\n",
       "      <td>0.059925</td>\n",
       "      <td>0.023092</td>\n",
       "      <td>0.024170</td>\n",
       "      <td>0.053367</td>\n",
       "      <td>0.048322</td>\n",
       "    </tr>\n",
       "    <tr>\n",
       "      <th>GE</th>\n",
       "      <td>0.015815</td>\n",
       "      <td>0.038102</td>\n",
       "      <td>0.003008</td>\n",
       "      <td>0.002011</td>\n",
       "      <td>0.038169</td>\n",
       "      <td>0.083405</td>\n",
       "      <td>0.048580</td>\n",
       "      <td>0.029076</td>\n",
       "      <td>0.062871</td>\n",
       "      <td>0.007533</td>\n",
       "      <td>0.026464</td>\n",
       "      <td>0.025245</td>\n",
       "      <td>0.025666</td>\n",
       "      <td>0.025815</td>\n",
       "      <td>0.029488</td>\n",
       "      <td>0.041375</td>\n",
       "      <td>0.019308</td>\n",
       "      <td>0.029891</td>\n",
       "      <td>0.059131</td>\n",
       "      <td>0.034449</td>\n",
       "    </tr>\n",
       "    <tr>\n",
       "      <th>AMD</th>\n",
       "      <td>0.021761</td>\n",
       "      <td>0.084053</td>\n",
       "      <td>0.005804</td>\n",
       "      <td>0.006332</td>\n",
       "      <td>0.075657</td>\n",
       "      <td>0.048580</td>\n",
       "      <td>0.388916</td>\n",
       "      <td>0.027113</td>\n",
       "      <td>0.068272</td>\n",
       "      <td>0.011758</td>\n",
       "      <td>0.026781</td>\n",
       "      <td>0.030291</td>\n",
       "      <td>0.035381</td>\n",
       "      <td>0.027946</td>\n",
       "      <td>0.049354</td>\n",
       "      <td>0.066146</td>\n",
       "      <td>0.026956</td>\n",
       "      <td>0.027965</td>\n",
       "      <td>0.069592</td>\n",
       "      <td>0.051764</td>\n",
       "    </tr>\n",
       "    <tr>\n",
       "      <th>WMT</th>\n",
       "      <td>0.008238</td>\n",
       "      <td>0.026429</td>\n",
       "      <td>0.001243</td>\n",
       "      <td>0.001081</td>\n",
       "      <td>0.027457</td>\n",
       "      <td>0.029076</td>\n",
       "      <td>0.027113</td>\n",
       "      <td>0.069478</td>\n",
       "      <td>0.030560</td>\n",
       "      <td>0.003595</td>\n",
       "      <td>0.020985</td>\n",
       "      <td>0.012137</td>\n",
       "      <td>0.015605</td>\n",
       "      <td>0.017036</td>\n",
       "      <td>0.012011</td>\n",
       "      <td>0.037385</td>\n",
       "      <td>0.009599</td>\n",
       "      <td>0.023160</td>\n",
       "      <td>0.033017</td>\n",
       "      <td>0.025482</td>\n",
       "    </tr>\n",
       "    <tr>\n",
       "      <th>BAC</th>\n",
       "      <td>0.026957</td>\n",
       "      <td>0.045966</td>\n",
       "      <td>0.004766</td>\n",
       "      <td>0.003077</td>\n",
       "      <td>0.049062</td>\n",
       "      <td>0.062871</td>\n",
       "      <td>0.068272</td>\n",
       "      <td>0.030560</td>\n",
       "      <td>0.179868</td>\n",
       "      <td>0.012581</td>\n",
       "      <td>0.033848</td>\n",
       "      <td>0.040611</td>\n",
       "      <td>0.039452</td>\n",
       "      <td>0.032159</td>\n",
       "      <td>0.045077</td>\n",
       "      <td>0.052162</td>\n",
       "      <td>0.035707</td>\n",
       "      <td>0.034984</td>\n",
       "      <td>0.116165</td>\n",
       "      <td>0.047582</td>\n",
       "    </tr>\n",
       "    <tr>\n",
       "      <th>GM</th>\n",
       "      <td>0.006163</td>\n",
       "      <td>0.005791</td>\n",
       "      <td>0.003499</td>\n",
       "      <td>0.002573</td>\n",
       "      <td>0.006527</td>\n",
       "      <td>0.007533</td>\n",
       "      <td>0.011758</td>\n",
       "      <td>0.003595</td>\n",
       "      <td>0.012581</td>\n",
       "      <td>0.021594</td>\n",
       "      <td>0.003942</td>\n",
       "      <td>0.009720</td>\n",
       "      <td>0.011321</td>\n",
       "      <td>0.005865</td>\n",
       "      <td>0.007549</td>\n",
       "      <td>0.007759</td>\n",
       "      <td>0.007317</td>\n",
       "      <td>0.004823</td>\n",
       "      <td>0.010176</td>\n",
       "      <td>0.006414</td>\n",
       "    </tr>\n",
       "    <tr>\n",
       "      <th>T</th>\n",
       "      <td>0.011058</td>\n",
       "      <td>0.019846</td>\n",
       "      <td>0.001395</td>\n",
       "      <td>0.000891</td>\n",
       "      <td>0.018720</td>\n",
       "      <td>0.026464</td>\n",
       "      <td>0.026781</td>\n",
       "      <td>0.020985</td>\n",
       "      <td>0.033848</td>\n",
       "      <td>0.003942</td>\n",
       "      <td>0.065969</td>\n",
       "      <td>0.013963</td>\n",
       "      <td>0.015191</td>\n",
       "      <td>0.021950</td>\n",
       "      <td>0.019060</td>\n",
       "      <td>0.022192</td>\n",
       "      <td>0.012568</td>\n",
       "      <td>0.020900</td>\n",
       "      <td>0.035095</td>\n",
       "      <td>0.021491</td>\n",
       "    </tr>\n",
       "    <tr>\n",
       "      <th>UAA</th>\n",
       "      <td>0.021371</td>\n",
       "      <td>0.020659</td>\n",
       "      <td>0.009407</td>\n",
       "      <td>0.003461</td>\n",
       "      <td>0.027889</td>\n",
       "      <td>0.025245</td>\n",
       "      <td>0.030291</td>\n",
       "      <td>0.012137</td>\n",
       "      <td>0.040611</td>\n",
       "      <td>0.009720</td>\n",
       "      <td>0.013963</td>\n",
       "      <td>0.107597</td>\n",
       "      <td>0.035836</td>\n",
       "      <td>0.015710</td>\n",
       "      <td>0.025306</td>\n",
       "      <td>0.028977</td>\n",
       "      <td>0.024325</td>\n",
       "      <td>0.014870</td>\n",
       "      <td>0.034874</td>\n",
       "      <td>0.027716</td>\n",
       "    </tr>\n",
       "    <tr>\n",
       "      <th>SHLD</th>\n",
       "      <td>0.016418</td>\n",
       "      <td>0.022127</td>\n",
       "      <td>0.002191</td>\n",
       "      <td>0.003114</td>\n",
       "      <td>0.027333</td>\n",
       "      <td>0.025666</td>\n",
       "      <td>0.035381</td>\n",
       "      <td>0.015605</td>\n",
       "      <td>0.039452</td>\n",
       "      <td>0.011321</td>\n",
       "      <td>0.015191</td>\n",
       "      <td>0.035836</td>\n",
       "      <td>0.169301</td>\n",
       "      <td>0.016026</td>\n",
       "      <td>0.025948</td>\n",
       "      <td>0.035722</td>\n",
       "      <td>0.018643</td>\n",
       "      <td>0.014170</td>\n",
       "      <td>0.033018</td>\n",
       "      <td>0.026435</td>\n",
       "    </tr>\n",
       "    <tr>\n",
       "      <th>XOM</th>\n",
       "      <td>0.013362</td>\n",
       "      <td>0.020236</td>\n",
       "      <td>0.002214</td>\n",
       "      <td>0.001751</td>\n",
       "      <td>0.019637</td>\n",
       "      <td>0.025815</td>\n",
       "      <td>0.027946</td>\n",
       "      <td>0.017036</td>\n",
       "      <td>0.032159</td>\n",
       "      <td>0.005865</td>\n",
       "      <td>0.021950</td>\n",
       "      <td>0.015710</td>\n",
       "      <td>0.016026</td>\n",
       "      <td>0.054884</td>\n",
       "      <td>0.039978</td>\n",
       "      <td>0.017469</td>\n",
       "      <td>0.015026</td>\n",
       "      <td>0.022466</td>\n",
       "      <td>0.030036</td>\n",
       "      <td>0.021248</td>\n",
       "    </tr>\n",
       "    <tr>\n",
       "      <th>RRC</th>\n",
       "      <td>0.018714</td>\n",
       "      <td>0.029179</td>\n",
       "      <td>0.002741</td>\n",
       "      <td>0.002973</td>\n",
       "      <td>0.029789</td>\n",
       "      <td>0.029488</td>\n",
       "      <td>0.049354</td>\n",
       "      <td>0.012011</td>\n",
       "      <td>0.045077</td>\n",
       "      <td>0.007549</td>\n",
       "      <td>0.019060</td>\n",
       "      <td>0.025306</td>\n",
       "      <td>0.025948</td>\n",
       "      <td>0.039978</td>\n",
       "      <td>0.242590</td>\n",
       "      <td>0.031287</td>\n",
       "      <td>0.022353</td>\n",
       "      <td>0.020585</td>\n",
       "      <td>0.038146</td>\n",
       "      <td>0.025124</td>\n",
       "    </tr>\n",
       "    <tr>\n",
       "      <th>BBY</th>\n",
       "      <td>0.016089</td>\n",
       "      <td>0.048719</td>\n",
       "      <td>0.003813</td>\n",
       "      <td>0.002441</td>\n",
       "      <td>0.059925</td>\n",
       "      <td>0.041375</td>\n",
       "      <td>0.066146</td>\n",
       "      <td>0.037385</td>\n",
       "      <td>0.052162</td>\n",
       "      <td>0.007759</td>\n",
       "      <td>0.022192</td>\n",
       "      <td>0.028977</td>\n",
       "      <td>0.035722</td>\n",
       "      <td>0.017469</td>\n",
       "      <td>0.031287</td>\n",
       "      <td>0.268653</td>\n",
       "      <td>0.018424</td>\n",
       "      <td>0.023786</td>\n",
       "      <td>0.055938</td>\n",
       "      <td>0.045453</td>\n",
       "    </tr>\n",
       "    <tr>\n",
       "      <th>MA</th>\n",
       "      <td>0.019593</td>\n",
       "      <td>0.019587</td>\n",
       "      <td>0.004727</td>\n",
       "      <td>0.003182</td>\n",
       "      <td>0.023092</td>\n",
       "      <td>0.019308</td>\n",
       "      <td>0.026956</td>\n",
       "      <td>0.009599</td>\n",
       "      <td>0.035707</td>\n",
       "      <td>0.007317</td>\n",
       "      <td>0.012568</td>\n",
       "      <td>0.024325</td>\n",
       "      <td>0.018643</td>\n",
       "      <td>0.015026</td>\n",
       "      <td>0.022353</td>\n",
       "      <td>0.018424</td>\n",
       "      <td>0.051108</td>\n",
       "      <td>0.013032</td>\n",
       "      <td>0.029266</td>\n",
       "      <td>0.019480</td>\n",
       "    </tr>\n",
       "    <tr>\n",
       "      <th>PFE</th>\n",
       "      <td>0.010683</td>\n",
       "      <td>0.021324</td>\n",
       "      <td>0.002550</td>\n",
       "      <td>0.001624</td>\n",
       "      <td>0.024170</td>\n",
       "      <td>0.029891</td>\n",
       "      <td>0.027965</td>\n",
       "      <td>0.023160</td>\n",
       "      <td>0.034984</td>\n",
       "      <td>0.004823</td>\n",
       "      <td>0.020900</td>\n",
       "      <td>0.014870</td>\n",
       "      <td>0.014170</td>\n",
       "      <td>0.022466</td>\n",
       "      <td>0.020585</td>\n",
       "      <td>0.023786</td>\n",
       "      <td>0.013032</td>\n",
       "      <td>0.085783</td>\n",
       "      <td>0.034535</td>\n",
       "      <td>0.021844</td>\n",
       "    </tr>\n",
       "    <tr>\n",
       "      <th>JPM</th>\n",
       "      <td>0.023249</td>\n",
       "      <td>0.046814</td>\n",
       "      <td>0.003842</td>\n",
       "      <td>0.002654</td>\n",
       "      <td>0.053367</td>\n",
       "      <td>0.059131</td>\n",
       "      <td>0.069592</td>\n",
       "      <td>0.033017</td>\n",
       "      <td>0.116165</td>\n",
       "      <td>0.010176</td>\n",
       "      <td>0.035095</td>\n",
       "      <td>0.034874</td>\n",
       "      <td>0.033018</td>\n",
       "      <td>0.030036</td>\n",
       "      <td>0.038146</td>\n",
       "      <td>0.055938</td>\n",
       "      <td>0.029266</td>\n",
       "      <td>0.034535</td>\n",
       "      <td>0.146781</td>\n",
       "      <td>0.044845</td>\n",
       "    </tr>\n",
       "    <tr>\n",
       "      <th>SBUX</th>\n",
       "      <td>0.018075</td>\n",
       "      <td>0.039789</td>\n",
       "      <td>0.004501</td>\n",
       "      <td>0.002162</td>\n",
       "      <td>0.048322</td>\n",
       "      <td>0.034449</td>\n",
       "      <td>0.051764</td>\n",
       "      <td>0.025482</td>\n",
       "      <td>0.047582</td>\n",
       "      <td>0.006414</td>\n",
       "      <td>0.021491</td>\n",
       "      <td>0.027716</td>\n",
       "      <td>0.026435</td>\n",
       "      <td>0.021248</td>\n",
       "      <td>0.025124</td>\n",
       "      <td>0.045453</td>\n",
       "      <td>0.019480</td>\n",
       "      <td>0.021844</td>\n",
       "      <td>0.044845</td>\n",
       "      <td>0.139059</td>\n",
       "    </tr>\n",
       "  </tbody>\n",
       "</table>\n",
       "</div>"
      ],
      "text/plain": [
       "          GOOG      AAPL        FB      BABA      AMZN        GE       AMD  \\\n",
       "GOOG  0.045529  0.022143  0.006389  0.003720  0.026085  0.015815  0.021761   \n",
       "AAPL  0.022143  0.207037  0.004334  0.002954  0.058200  0.038102  0.084053   \n",
       "FB    0.006389  0.004334  0.029233  0.003770  0.007619  0.003008  0.005804   \n",
       "BABA  0.003720  0.002954  0.003770  0.013438  0.004176  0.002011  0.006332   \n",
       "AMZN  0.026085  0.058200  0.007619  0.004176  0.276365  0.038169  0.075657   \n",
       "GE    0.015815  0.038102  0.003008  0.002011  0.038169  0.083405  0.048580   \n",
       "AMD   0.021761  0.084053  0.005804  0.006332  0.075657  0.048580  0.388916   \n",
       "WMT   0.008238  0.026429  0.001243  0.001081  0.027457  0.029076  0.027113   \n",
       "BAC   0.026957  0.045966  0.004766  0.003077  0.049062  0.062871  0.068272   \n",
       "GM    0.006163  0.005791  0.003499  0.002573  0.006527  0.007533  0.011758   \n",
       "T     0.011058  0.019846  0.001395  0.000891  0.018720  0.026464  0.026781   \n",
       "UAA   0.021371  0.020659  0.009407  0.003461  0.027889  0.025245  0.030291   \n",
       "SHLD  0.016418  0.022127  0.002191  0.003114  0.027333  0.025666  0.035381   \n",
       "XOM   0.013362  0.020236  0.002214  0.001751  0.019637  0.025815  0.027946   \n",
       "RRC   0.018714  0.029179  0.002741  0.002973  0.029789  0.029488  0.049354   \n",
       "BBY   0.016089  0.048719  0.003813  0.002441  0.059925  0.041375  0.066146   \n",
       "MA    0.019593  0.019587  0.004727  0.003182  0.023092  0.019308  0.026956   \n",
       "PFE   0.010683  0.021324  0.002550  0.001624  0.024170  0.029891  0.027965   \n",
       "JPM   0.023249  0.046814  0.003842  0.002654  0.053367  0.059131  0.069592   \n",
       "SBUX  0.018075  0.039789  0.004501  0.002162  0.048322  0.034449  0.051764   \n",
       "\n",
       "           WMT       BAC        GM         T       UAA      SHLD       XOM  \\\n",
       "GOOG  0.008238  0.026957  0.006163  0.011058  0.021371  0.016418  0.013362   \n",
       "AAPL  0.026429  0.045966  0.005791  0.019846  0.020659  0.022127  0.020236   \n",
       "FB    0.001243  0.004766  0.003499  0.001395  0.009407  0.002191  0.002214   \n",
       "BABA  0.001081  0.003077  0.002573  0.000891  0.003461  0.003114  0.001751   \n",
       "AMZN  0.027457  0.049062  0.006527  0.018720  0.027889  0.027333  0.019637   \n",
       "GE    0.029076  0.062871  0.007533  0.026464  0.025245  0.025666  0.025815   \n",
       "AMD   0.027113  0.068272  0.011758  0.026781  0.030291  0.035381  0.027946   \n",
       "WMT   0.069478  0.030560  0.003595  0.020985  0.012137  0.015605  0.017036   \n",
       "BAC   0.030560  0.179868  0.012581  0.033848  0.040611  0.039452  0.032159   \n",
       "GM    0.003595  0.012581  0.021594  0.003942  0.009720  0.011321  0.005865   \n",
       "T     0.020985  0.033848  0.003942  0.065969  0.013963  0.015191  0.021950   \n",
       "UAA   0.012137  0.040611  0.009720  0.013963  0.107597  0.035836  0.015710   \n",
       "SHLD  0.015605  0.039452  0.011321  0.015191  0.035836  0.169301  0.016026   \n",
       "XOM   0.017036  0.032159  0.005865  0.021950  0.015710  0.016026  0.054884   \n",
       "RRC   0.012011  0.045077  0.007549  0.019060  0.025306  0.025948  0.039978   \n",
       "BBY   0.037385  0.052162  0.007759  0.022192  0.028977  0.035722  0.017469   \n",
       "MA    0.009599  0.035707  0.007317  0.012568  0.024325  0.018643  0.015026   \n",
       "PFE   0.023160  0.034984  0.004823  0.020900  0.014870  0.014170  0.022466   \n",
       "JPM   0.033017  0.116165  0.010176  0.035095  0.034874  0.033018  0.030036   \n",
       "SBUX  0.025482  0.047582  0.006414  0.021491  0.027716  0.026435  0.021248   \n",
       "\n",
       "           RRC       BBY        MA       PFE       JPM      SBUX  \n",
       "GOOG  0.018714  0.016089  0.019593  0.010683  0.023249  0.018075  \n",
       "AAPL  0.029179  0.048719  0.019587  0.021324  0.046814  0.039789  \n",
       "FB    0.002741  0.003813  0.004727  0.002550  0.003842  0.004501  \n",
       "BABA  0.002973  0.002441  0.003182  0.001624  0.002654  0.002162  \n",
       "AMZN  0.029789  0.059925  0.023092  0.024170  0.053367  0.048322  \n",
       "GE    0.029488  0.041375  0.019308  0.029891  0.059131  0.034449  \n",
       "AMD   0.049354  0.066146  0.026956  0.027965  0.069592  0.051764  \n",
       "WMT   0.012011  0.037385  0.009599  0.023160  0.033017  0.025482  \n",
       "BAC   0.045077  0.052162  0.035707  0.034984  0.116165  0.047582  \n",
       "GM    0.007549  0.007759  0.007317  0.004823  0.010176  0.006414  \n",
       "T     0.019060  0.022192  0.012568  0.020900  0.035095  0.021491  \n",
       "UAA   0.025306  0.028977  0.024325  0.014870  0.034874  0.027716  \n",
       "SHLD  0.025948  0.035722  0.018643  0.014170  0.033018  0.026435  \n",
       "XOM   0.039978  0.017469  0.015026  0.022466  0.030036  0.021248  \n",
       "RRC   0.242590  0.031287  0.022353  0.020585  0.038146  0.025124  \n",
       "BBY   0.031287  0.268653  0.018424  0.023786  0.055938  0.045453  \n",
       "MA    0.022353  0.018424  0.051108  0.013032  0.029266  0.019480  \n",
       "PFE   0.020585  0.023786  0.013032  0.085783  0.034535  0.021844  \n",
       "JPM   0.038146  0.055938  0.029266  0.034535  0.146781  0.044845  \n",
       "SBUX  0.025124  0.045453  0.019480  0.021844  0.044845  0.139059  "
      ]
     },
     "execution_count": 72,
     "metadata": {},
     "output_type": "execute_result"
    }
   ],
   "source": [
    "S"
   ]
  },
  {
   "cell_type": "code",
   "execution_count": 73,
   "metadata": {},
   "outputs": [],
   "source": [
    "max_return = (0.05 * mu.iloc[0] + 0.01*max(utility) +0.01*max(airline) + (1- 0.05 - 0.01  - 0.01)*max(mu))"
   ]
  },
  {
   "cell_type": "code",
   "execution_count": 74,
   "metadata": {},
   "outputs": [
    {
     "ename": "TypeError",
     "evalue": "max expected at least 1 argument, got 0",
     "output_type": "error",
     "traceback": [
      "\u001b[0;31m---------------------------------------------------------------------------\u001b[0m",
      "\u001b[0;31mTypeError\u001b[0m                                 Traceback (most recent call last)",
      "Cell \u001b[0;32mIn[74], line 1\u001b[0m\n\u001b[0;32m----> 1\u001b[0m max_return \u001b[38;5;241m=\u001b[39m (\u001b[38;5;241m0.05\u001b[39m \u001b[38;5;241m*\u001b[39m mu\u001b[38;5;241m.\u001b[39miloc[\u001b[38;5;241m0\u001b[39m] \u001b[38;5;241m+\u001b[39m (\u001b[38;5;241m0.2\u001b[39m\u001b[38;5;241m-\u001b[39m\u001b[38;5;241m0.05\u001b[39m)\u001b[38;5;241m*\u001b[39m\u001b[38;5;28mmax\u001b[39m(tech)\u001b[38;5;241m+\u001b[39m\u001b[38;5;241m0.1\u001b[39m\u001b[38;5;241m*\u001b[39m\u001b[38;5;28mmax\u001b[39m(utility)\u001b[38;5;241m+\u001b[39m\u001b[38;5;241m0.2\u001b[39m\u001b[38;5;241m*\u001b[39m\u001b[38;5;28mmax\u001b[39m(retail)\u001b[38;5;241m+\u001b[39m\u001b[38;5;241m0.4\u001b[39m\u001b[38;5;241m*\u001b[39m\u001b[38;5;28mmax\u001b[39m(fig)\u001b[38;5;241m+\u001b[39m\u001b[38;5;241m0.05\u001b[39m\u001b[38;5;241m*\u001b[39m\u001b[38;5;28mmax\u001b[39m(airline)) \u001b[38;5;241m+\u001b[39m\u001b[38;5;241m0.2\u001b[39m\u001b[38;5;241m*\u001b[39m\u001b[38;5;28mmax\u001b[39m(energy) \u001b[38;5;241m+\u001b[39m (\u001b[38;5;241m1\u001b[39m \u001b[38;5;241m-\u001b[39m \u001b[38;5;241m0.2\u001b[39m \u001b[38;5;241m-\u001b[39m \u001b[38;5;241m0.1\u001b[39m \u001b[38;5;241m-\u001b[39m \u001b[38;5;241m0.2\u001b[39m \u001b[38;5;241m-\u001b[39m \u001b[38;5;241m0.4\u001b[39m \u001b[38;5;241m-\u001b[39m \u001b[38;5;241m0.05\u001b[39m \u001b[38;5;241m-\u001b[39m \u001b[38;5;241m0.2\u001b[39m)\u001b[38;5;241m*\u001b[39m\u001b[38;5;28;43mmax\u001b[39;49m\u001b[43m(\u001b[49m\u001b[43m)\u001b[49m\n",
      "\u001b[0;31mTypeError\u001b[0m: max expected at least 1 argument, got 0"
     ]
    }
   ],
   "source": [
    "max_return = (0.05 * mu.iloc[0] + (0.2-0.05)*max(tech)+0.1*max(utility)+0.2*max(retail)+0.4*max(fig)+0.05*max(airline)) +0.2*max(energy) + (1 - 0.2 - 0.1 - 0.2 - 0.4 - 0.05 - 0.2)*max()"
   ]
  },
  {
   "cell_type": "code",
   "execution_count": 36,
   "metadata": {},
   "outputs": [
    {
     "data": {
      "text/plain": [
       "0.32075321581485505"
      ]
     },
     "execution_count": 36,
     "metadata": {},
     "output_type": "execute_result"
    }
   ],
   "source": [
    "max_return"
   ]
  },
  {
   "cell_type": "code",
   "execution_count": 81,
   "metadata": {},
   "outputs": [
    {
     "name": "stdout",
     "output_type": "stream",
     "text": [
      "2.100224018096924\n"
     ]
    }
   ],
   "source": [
    "from pypfopt.efficient_frontier import EfficientFrontier\n",
    "import time\n",
    "sector_upper = {\n",
    "        \"tech\": 0.2,\n",
    "        \"utility\": 0.1,\n",
    "        \"retail\": 0.2,\n",
    "        \"fig\": 0.4,\n",
    "        \"airline\": 0.05,\n",
    "        \"energy\": 0.2}\n",
    "sector_lower = {\"utility\": 0.01, \"fig\": 0.02, \"airline\": 0.01}\n",
    "\n",
    "ef = EfficientFrontier(mu, S)\n",
    "ef.add_sector_constraints(sector_mapper, sector_lower, sector_upper)\n",
    "ef.add_constraint(lambda x: x[0] == 0.05)\n",
    "ef.add_constraint(lambda x: x[0] == 0.1)\n",
    "start = time.time()\n",
    "ds = []\n",
    "for rho in np.arange(0.001, 1.0, 0.001):\n",
    "\tweights = ef.max_quadratic_utility(rho)\n",
    "\tds.append((2*rho - 1, [w for w in list(weights.values())]))\n",
    "end = time.time()\n",
    "\n",
    "print(end-start)"
   ]
  },
  {
   "cell_type": "code",
   "execution_count": 48,
   "metadata": {},
   "outputs": [
    {
     "name": "stdout",
     "output_type": "stream",
     "text": [
      "0.01583719253540039\n"
     ]
    }
   ],
   "source": [
    "print(end-start)"
   ]
  },
  {
   "cell_type": "code",
   "execution_count": 82,
   "metadata": {},
   "outputs": [
    {
     "data": {
      "text/plain": [
       "(-0.998,\n",
       " [0.05,\n",
       "  0.0,\n",
       "  0.0,\n",
       "  0.0,\n",
       "  0.15,\n",
       "  0.01,\n",
       "  0.0,\n",
       "  0.0,\n",
       "  0.0,\n",
       "  0.0,\n",
       "  0.0,\n",
       "  0.01,\n",
       "  0.0,\n",
       "  0.0,\n",
       "  0.0,\n",
       "  0.2,\n",
       "  0.4,\n",
       "  0.1799999999999998,\n",
       "  0.0,\n",
       "  0.0])"
      ]
     },
     "execution_count": 82,
     "metadata": {},
     "output_type": "execute_result"
    }
   ],
   "source": [
    "ds[0]"
   ]
  },
  {
   "cell_type": "code",
   "execution_count": 122,
   "metadata": {},
   "outputs": [],
   "source": [
    "from pickle import dump\n",
    "dump(ds, open(\"dataset_stock.pkl\", \"wb\"))"
   ]
  },
  {
   "cell_type": "code",
   "execution_count": 123,
   "metadata": {},
   "outputs": [],
   "source": [
    "sol = np.array([w/1 for w in list(weights.values())])"
   ]
  },
  {
   "cell_type": "code",
   "execution_count": 13,
   "metadata": {},
   "outputs": [
    {
     "data": {
      "text/plain": [
       "0.3889155594532419"
      ]
     },
     "execution_count": 13,
     "metadata": {},
     "output_type": "execute_result"
    }
   ],
   "source": [
    "S.to_numpy().max()"
   ]
  },
  {
   "cell_type": "code",
   "execution_count": 125,
   "metadata": {},
   "outputs": [],
   "source": [
    "pred = np.array([sample[-1] for sample in ds])"
   ]
  },
  {
   "cell_type": "code",
   "execution_count": 126,
   "metadata": {},
   "outputs": [
    {
     "data": {
      "text/plain": [
       "array([ 2.97268121e-02,  2.97268121e-02,  2.97268121e-02,  2.97268121e-02,\n",
       "        2.97268121e-02,  2.97268121e-02,  2.97268121e-02,  2.97268121e-02,\n",
       "        2.97268121e-02,  2.97268121e-02,  2.97268121e-02,  2.97268121e-02,\n",
       "        2.97268121e-02,  2.97268121e-02,  2.97268121e-02,  2.97268121e-02,\n",
       "        2.97268121e-02,  2.97268121e-02,  2.97268121e-02,  2.97268121e-02,\n",
       "        2.97268121e-02,  2.97268121e-02,  2.97268121e-02,  2.97268121e-02,\n",
       "        2.97268121e-02,  2.97268121e-02,  2.97268121e-02,  2.97268121e-02,\n",
       "        2.97268121e-02,  2.97268121e-02,  2.97268121e-02,  2.97268121e-02,\n",
       "        2.97268121e-02,  2.97268121e-02,  2.97268121e-02,  2.97268121e-02,\n",
       "        2.97268121e-02,  2.97268121e-02,  2.97268121e-02,  2.97268121e-02,\n",
       "        2.97268121e-02,  2.97268121e-02,  2.97268121e-02,  2.97268121e-02,\n",
       "        2.97268121e-02,  2.97268121e-02,  2.97268121e-02,  2.97268121e-02,\n",
       "        2.97268121e-02,  2.97268121e-02,  2.97268121e-02,  2.97268121e-02,\n",
       "        2.97268121e-02,  2.97268121e-02,  2.97268121e-02,  2.97268121e-02,\n",
       "        2.97268121e-02,  2.97268121e-02,  2.97268121e-02,  2.97268121e-02,\n",
       "        2.97268121e-02,  2.97268121e-02,  2.97268121e-02,  2.97268121e-02,\n",
       "        2.97268121e-02,  2.97268121e-02,  2.97268121e-02,  2.97268121e-02,\n",
       "        2.97268121e-02,  2.97268121e-02,  2.97268121e-02,  2.97268121e-02,\n",
       "        2.97268121e-02,  2.97268121e-02,  2.97268121e-02,  2.97268121e-02,\n",
       "        2.97268121e-02,  2.97268121e-02,  2.97268121e-02,  2.97268121e-02,\n",
       "        2.97268121e-02,  2.97268121e-02,  2.97268121e-02,  2.97268121e-02,\n",
       "        2.97268121e-02,  2.97268121e-02,  2.97268121e-02,  2.97268121e-02,\n",
       "        2.97268121e-02,  2.97268121e-02,  2.97268121e-02,  2.97268121e-02,\n",
       "        2.97268121e-02,  2.97268121e-02,  2.97268121e-02,  2.97268121e-02,\n",
       "        2.97268121e-02,  2.97268121e-02,  2.97268121e-02,  2.97268121e-02,\n",
       "        2.97268121e-02,  2.97268121e-02,  2.97268121e-02,  2.97268121e-02,\n",
       "        2.97268121e-02,  2.97268121e-02,  2.97268121e-02,  2.97268121e-02,\n",
       "        2.97268121e-02,  2.97268121e-02,  2.97268121e-02,  2.97268121e-02,\n",
       "        2.97268121e-02,  2.97268121e-02,  2.97268121e-02,  2.97268121e-02,\n",
       "        2.97268121e-02,  2.97268121e-02,  2.97268121e-02,  2.97268121e-02,\n",
       "        2.97268121e-02,  2.97268121e-02,  2.97268121e-02,  2.97268121e-02,\n",
       "        2.97268121e-02,  2.97268121e-02,  2.97268121e-02,  2.97268121e-02,\n",
       "        2.97268121e-02,  2.97268121e-02,  2.97268121e-02,  2.97268121e-02,\n",
       "        2.97268121e-02,  2.97268121e-02,  2.97268121e-02,  2.97268121e-02,\n",
       "        2.97268121e-02,  2.97268121e-02,  2.97268121e-02,  2.97268121e-02,\n",
       "        2.97268121e-02,  2.97268121e-02,  2.97268121e-02,  2.97268121e-02,\n",
       "        2.97268121e-02,  2.97268121e-02,  2.97268121e-02,  2.97268121e-02,\n",
       "        2.97268121e-02,  2.97268121e-02,  2.97268121e-02,  2.97268121e-02,\n",
       "        2.97268121e-02,  2.97268121e-02,  2.97268121e-02,  2.97268121e-02,\n",
       "        2.97268121e-02,  2.97268121e-02,  2.97268121e-02,  2.97268121e-02,\n",
       "        2.97268121e-02,  2.97268121e-02,  2.97268121e-02,  2.97268121e-02,\n",
       "        2.97268121e-02,  2.97268121e-02,  2.97268121e-02,  2.97268121e-02,\n",
       "        2.97268121e-02,  2.97268121e-02,  2.97268121e-02,  2.97268121e-02,\n",
       "        2.98256074e-02,  2.99689856e-02,  3.01122408e-02,  3.02554948e-02,\n",
       "        3.03987488e-02,  3.05420027e-02,  3.06852567e-02,  3.08284691e-02,\n",
       "        3.09611430e-02,  3.10866530e-02,  3.12121328e-02,  3.13192512e-02,\n",
       "        3.14030740e-02,  3.14868649e-02,  3.15706556e-02,  3.16544463e-02,\n",
       "        3.17382370e-02,  3.18220278e-02,  3.19058185e-02,  3.19896092e-02,\n",
       "        3.20733999e-02,  3.21571906e-02,  3.22409813e-02,  3.23247721e-02,\n",
       "        3.24085628e-02,  3.24923535e-02,  3.25761442e-02,  3.26599349e-02,\n",
       "        3.27437256e-02,  3.28275164e-02,  3.29113071e-02,  3.29950978e-02,\n",
       "        3.30788885e-02,  3.31626792e-02,  3.32464699e-02,  3.33302607e-02,\n",
       "        3.34140514e-02,  3.34978421e-02,  3.35816328e-02,  3.36654235e-02,\n",
       "        3.37492142e-02,  3.38330050e-02,  3.39167957e-02,  3.40005864e-02,\n",
       "        3.40843750e-02,  3.41380928e-02,  3.41789298e-02,  3.42195820e-02,\n",
       "        3.42586647e-02,  3.42977470e-02,  3.43368292e-02,  3.43759115e-02,\n",
       "        3.44149938e-02,  3.44540760e-02,  3.44931583e-02,  3.45322405e-02,\n",
       "        3.45713228e-02,  3.46104051e-02,  3.46494873e-02,  3.46885696e-02,\n",
       "        3.47276518e-02,  3.47667341e-02,  3.48058164e-02,  3.48448986e-02,\n",
       "        3.48839809e-02,  3.49230631e-02,  3.49621454e-02,  3.50012277e-02,\n",
       "        3.50403099e-02,  3.50793922e-02,  3.51184744e-02,  3.51575567e-02,\n",
       "        3.51966390e-02,  3.52357212e-02,  3.52748035e-02,  3.53138857e-02,\n",
       "        3.53529680e-02,  3.53920502e-02,  3.54311325e-02,  3.51773806e-02,\n",
       "        3.48129654e-02,  3.44483615e-02,  3.40837557e-02,  3.36118607e-02,\n",
       "        3.30881639e-02,  3.25423255e-02,  3.16416746e-02,  3.07280798e-02,\n",
       "        2.98141732e-02,  2.89002587e-02,  2.79863440e-02,  2.70724293e-02,\n",
       "        2.61585146e-02,  2.52445999e-02,  2.40153253e-02,  2.27263744e-02,\n",
       "        2.14371996e-02,  2.01480243e-02,  1.87843228e-02,  1.73775540e-02,\n",
       "        1.59704515e-02,  1.45633474e-02,  1.31562434e-02,  1.17491394e-02,\n",
       "        1.03250682e-02,  8.87871766e-03,  7.43156601e-03,  5.98440874e-03,\n",
       "        4.53725143e-03,  3.09009412e-03,  1.64293682e-03,  1.95779510e-04,\n",
       "       -7.29361818e-07, -7.49333117e-07, -7.49573569e-07, -7.49576463e-07,\n",
       "       -7.49576498e-07, -7.49576499e-07, -7.49576499e-07, -7.49576499e-07,\n",
       "       -7.49576499e-07, -7.49576499e-07, -7.49576499e-07, -7.49576499e-07,\n",
       "       -7.49576499e-07, -7.49576499e-07, -7.49576499e-07, -7.49576499e-07])"
      ]
     },
     "execution_count": 126,
     "metadata": {},
     "output_type": "execute_result"
    }
   ],
   "source": [
    "pred[..., 0]"
   ]
  },
  {
   "cell_type": "code",
   "execution_count": 127,
   "metadata": {},
   "outputs": [
    {
     "data": {
      "text/plain": [
       "array([8.39526981e-03, 4.92028944e-03, 5.69528663e-02, 3.75063462e-02,\n",
       "       6.04739279e-03, 9.31832710e-07, 3.17412503e-06, 1.67960341e-02,\n",
       "       1.82366214e-06, 8.74222490e-02, 1.80189862e-02, 1.06012822e-06,\n",
       "       2.16307209e-06, 1.30760388e-02, 1.86978831e-06, 5.35213845e-04,\n",
       "       8.71545464e-02, 8.53206102e-03, 1.35546920e-06, 1.23816685e-03])"
      ]
     },
     "execution_count": 127,
     "metadata": {},
     "output_type": "execute_result"
    }
   ],
   "source": [
    "pred.std(0)"
   ]
  },
  {
   "cell_type": "code",
   "execution_count": 128,
   "metadata": {},
   "outputs": [
    {
     "data": {
      "text/plain": [
       "61.96895426563647"
      ]
     },
     "execution_count": 128,
     "metadata": {},
     "output_type": "execute_result"
    }
