{
 "cells": [
  {
   "cell_type": "code",
   "execution_count": 9,
   "metadata": {},
   "outputs": [],
   "source": [
    "from pypfopt.expected_returns import mean_historical_return\n",
    "from pypfopt.risk_models import CovarianceShrinkage\n",
    "import cvxpy as cp\n",
    "import numpy as np\n",
    "import pandas as pd\n",
    "import torch"
   ]
  },
  {
   "cell_type": "code",
   "execution_count": 10,
   "metadata": {},
   "outputs": [],
   "source": [
    "df = pd.read_csv(\"stock_prices.csv\").drop(\"date\", axis=1)"
   ]
  },
  {
   "cell_type": "code",
   "execution_count": 11,
   "metadata": {},
   "outputs": [],
   "source": [
    "sector_mapper = {\n",
    "        \"GOOG\": \"tech\",\n",
    "        \"AAPL\": \"tech\",\n",
    "        \"FB\": \"tech\",\n",
    "        \"AMZN\": \"tech\",\n",
    "        \"BABA\": \"tech\",\n",
    "        \"GE\": \"utility\",\n",
    "        \"AMD\": \"tech\",\n",
    "        \"WMT\": \"retail\",\n",
    "        \"BAC\": \"fig\",\n",
    "        \"GM\": \"auto\",\n",
    "        \"T\": \"auto\",\n",
    "        \"UAA\": \"airline\",\n",
    "        \"SHLD\": \"retail\",\n",
    "        \"XOM\": \"energy\",\n",
    "        \"RRC\": \"energy\",\n",
    "        \"BBY\": \"retail\",\n",
    "        \"MA\": \"fig\",\n",
    "        \"PFE\": \"pharma\",\n",
    "        \"JPM\": \"fig\",\n",
    "        \"SBUX\": \"retail\",\n",
    "    }\n"
   ]
  },
  {
   "cell_type": "code",
   "execution_count": 12,
   "metadata": {},
   "outputs": [],
   "source": [
    "mu = mean_historical_return(df)\n",
    "S = CovarianceShrinkage(df).ledoit_wolf()"
   ]
  },
  {
   "cell_type": "code",
   "execution_count": 18,
   "metadata": {},
   "outputs": [
    {
     "data": {
      "text/html": [
       "<div>\n",
       "<style scoped>\n",
       "    .dataframe tbody tr th:only-of-type {\n",
       "        vertical-align: middle;\n",
       "    }\n",
       "\n",
       "    .dataframe tbody tr th {\n",
       "        vertical-align: top;\n",
       "    }\n",
       "\n",
       "    .dataframe thead th {\n",
       "        text-align: right;\n",
       "    }\n",
       "</style>\n",
       "<table border=\"1\" class=\"dataframe\">\n",
       "  <thead>\n",
       "    <tr style=\"text-align: right;\">\n",
       "      <th></th>\n",
       "      <th>GOOG</th>\n",
       "      <th>AAPL</th>\n",
       "      <th>FB</th>\n",
       "      <th>BABA</th>\n",
       "      <th>AMZN</th>\n",
       "      <th>GE</th>\n",
       "      <th>AMD</th>\n",
       "      <th>WMT</th>\n",
       "      <th>BAC</th>\n",
       "      <th>GM</th>\n",
       "      <th>T</th>\n",
       "      <th>UAA</th>\n",
       "      <th>SHLD</th>\n",
       "      <th>XOM</th>\n",
       "      <th>RRC</th>\n",
       "      <th>BBY</th>\n",
       "      <th>MA</th>\n",
       "      <th>PFE</th>\n",
       "      <th>JPM</th>\n",
       "      <th>SBUX</th>\n",
       "    </tr>\n",
       "  </thead>\n",
       "  <tbody>\n",
       "    <tr>\n",
       "      <th>GOOG</th>\n",
       "      <td>0.045529</td>\n",
       "      <td>0.022143</td>\n",
       "      <td>0.006389</td>\n",
       "      <td>0.003720</td>\n",
       "      <td>0.026085</td>\n",
       "      <td>0.015815</td>\n",
       "      <td>0.021761</td>\n",
       "      <td>0.008238</td>\n",
       "      <td>0.026957</td>\n",
       "      <td>0.006163</td>\n",
       "      <td>0.011058</td>\n",
       "      <td>0.021371</td>\n",
       "      <td>0.016418</td>\n",
       "      <td>0.013362</td>\n",
       "      <td>0.018714</td>\n",
       "      <td>0.016089</td>\n",
       "      <td>0.019593</td>\n",
       "      <td>0.010683</td>\n",
       "      <td>0.023249</td>\n",
       "      <td>0.018075</td>\n",
       "    </tr>\n",
       "    <tr>\n",
       "      <th>AAPL</th>\n",
       "      <td>0.022143</td>\n",
       "      <td>0.207037</td>\n",
       "      <td>0.004334</td>\n",
       "      <td>0.002954</td>\n",
       "      <td>0.058200</td>\n",
       "      <td>0.038102</td>\n",
       "      <td>0.084053</td>\n",
       "      <td>0.026429</td>\n",
       "      <td>0.045966</td>\n",
       "      <td>0.005791</td>\n",
       "      <td>0.019846</td>\n",
       "      <td>0.020659</td>\n",
       "      <td>0.022127</td>\n",
       "      <td>0.020236</td>\n",
       "      <td>0.029179</td>\n",
       "      <td>0.048719</td>\n",
       "      <td>0.019587</td>\n",
       "      <td>0.021324</td>\n",
       "      <td>0.046814</td>\n",
       "      <td>0.039789</td>\n",
       "    </tr>\n",
       "    <tr>\n",
       "      <th>FB</th>\n",
       "      <td>0.006389</td>\n",
       "      <td>0.004334</td>\n",
       "      <td>0.029233</td>\n",
       "      <td>0.003770</td>\n",
       "      <td>0.007619</td>\n",
       "      <td>0.003008</td>\n",
       "      <td>0.005804</td>\n",
       "      <td>0.001243</td>\n",
       "      <td>0.004766</td>\n",
       "      <td>0.003499</td>\n",
       "      <td>0.001395</td>\n",
       "      <td>0.009407</td>\n",
       "      <td>0.002191</td>\n",
       "      <td>0.002214</td>\n",
       "      <td>0.002741</td>\n",
       "      <td>0.003813</td>\n",
       "      <td>0.004727</td>\n",
       "      <td>0.002550</td>\n",
       "      <td>0.003842</td>\n",
       "      <td>0.004501</td>\n",
       "    </tr>\n",
       "    <tr>\n",
       "      <th>BABA</th>\n",
       "      <td>0.003720</td>\n",
       "      <td>0.002954</td>\n",
       "      <td>0.003770</td>\n",
       "      <td>0.013438</td>\n",
       "      <td>0.004176</td>\n",
       "      <td>0.002011</td>\n",
       "      <td>0.006332</td>\n",
       "      <td>0.001081</td>\n",
       "      <td>0.003077</td>\n",
       "      <td>0.002573</td>\n",
       "      <td>0.000891</td>\n",
       "      <td>0.003461</td>\n",
       "      <td>0.003114</td>\n",
       "      <td>0.001751</td>\n",
       "      <td>0.002973</td>\n",
       "      <td>0.002441</td>\n",
       "      <td>0.003182</td>\n",
       "      <td>0.001624</td>\n",
       "      <td>0.002654</td>\n",
       "      <td>0.002162</td>\n",
       "    </tr>\n",
       "    <tr>\n",
       "      <th>AMZN</th>\n",
       "      <td>0.026085</td>\n",
       "      <td>0.058200</td>\n",
       "      <td>0.007619</td>\n",
       "      <td>0.004176</td>\n",
       "      <td>0.276365</td>\n",
       "      <td>0.038169</td>\n",
       "      <td>0.075657</td>\n",
       "      <td>0.027457</td>\n",
       "      <td>0.049062</td>\n",
       "      <td>0.006527</td>\n",
       "      <td>0.018720</td>\n",
       "      <td>0.027889</td>\n",
       "      <td>0.027333</td>\n",
       "      <td>0.019637</td>\n",
       "      <td>0.029789</td>\n",
       "      <td>0.059925</td>\n",
       "      <td>0.023092</td>\n",
       "      <td>0.024170</td>\n",
       "      <td>0.053367</td>\n",
       "      <td>0.048322</td>\n",
       "    </tr>\n",
       "    <tr>\n",
       "      <th>GE</th>\n",
       "      <td>0.015815</td>\n",
       "      <td>0.038102</td>\n",
       "      <td>0.003008</td>\n",
       "      <td>0.002011</td>\n",
       "      <td>0.038169</td>\n",
       "      <td>0.083405</td>\n",
       "      <td>0.048580</td>\n",
       "      <td>0.029076</td>\n",
       "      <td>0.062871</td>\n",
       "      <td>0.007533</td>\n",
       "      <td>0.026464</td>\n",
       "      <td>0.025245</td>\n",
       "      <td>0.025666</td>\n",
       "      <td>0.025815</td>\n",
       "      <td>0.029488</td>\n",
       "      <td>0.041375</td>\n",
       "      <td>0.019308</td>\n",
       "      <td>0.029891</td>\n",
       "      <td>0.059131</td>\n",
       "      <td>0.034449</td>\n",
       "    </tr>\n",
       "    <tr>\n",
       "      <th>AMD</th>\n",
       "      <td>0.021761</td>\n",
       "      <td>0.084053</td>\n",
       "      <td>0.005804</td>\n",
       "      <td>0.006332</td>\n",
       "      <td>0.075657</td>\n",
       "      <td>0.048580</td>\n",
       "      <td>0.388916</td>\n",
       "      <td>0.027113</td>\n",
       "      <td>0.068272</td>\n",
       "      <td>0.011758</td>\n",
       "      <td>0.026781</td>\n",
       "      <td>0.030291</td>\n",
       "      <td>0.035381</td>\n",
       "      <td>0.027946</td>\n",
       "      <td>0.049354</td>\n",
       "      <td>0.066146</td>\n",
       "      <td>0.026956</td>\n",
       "      <td>0.027965</td>\n",
       "      <td>0.069592</td>\n",
       "      <td>0.051764</td>\n",
       "    </tr>\n",
       "    <tr>\n",
       "      <th>WMT</th>\n",
       "      <td>0.008238</td>\n",
       "      <td>0.026429</td>\n",
       "      <td>0.001243</td>\n",
       "      <td>0.001081</td>\n",
       "      <td>0.027457</td>\n",
       "      <td>0.029076</td>\n",
       "      <td>0.027113</td>\n",
       "      <td>0.069478</td>\n",
       "      <td>0.030560</td>\n",
       "      <td>0.003595</td>\n",
       "      <td>0.020985</td>\n",
       "      <td>0.012137</td>\n",
       "      <td>0.015605</td>\n",
       "      <td>0.017036</td>\n",
       "      <td>0.012011</td>\n",
       "      <td>0.037385</td>\n",
       "      <td>0.009599</td>\n",
       "      <td>0.023160</td>\n",
       "      <td>0.033017</td>\n",
       "      <td>0.025482</td>\n",
       "    </tr>\n",
       "    <tr>\n",
       "      <th>BAC</th>\n",
       "      <td>0.026957</td>\n",
       "      <td>0.045966</td>\n",
       "      <td>0.004766</td>\n",
       "      <td>0.003077</td>\n",
       "      <td>0.049062</td>\n",
       "      <td>0.062871</td>\n",
       "      <td>0.068272</td>\n",
       "      <td>0.030560</td>\n",
       "      <td>0.179868</td>\n",
       "      <td>0.012581</td>\n",
       "      <td>0.033848</td>\n",
       "      <td>0.040611</td>\n",
       "      <td>0.039452</td>\n",
       "      <td>0.032159</td>\n",
       "      <td>0.045077</td>\n",
       "      <td>0.052162</td>\n",
       "      <td>0.035707</td>\n",
       "      <td>0.034984</td>\n",
       "      <td>0.116165</td>\n",
       "      <td>0.047582</td>\n",
       "    </tr>\n",
       "    <tr>\n",
       "      <th>GM</th>\n",
       "      <td>0.006163</td>\n",
       "      <td>0.005791</td>\n",
       "      <td>0.003499</td>\n",
       "      <td>0.002573</td>\n",
       "      <td>0.006527</td>\n",
       "      <td>0.007533</td>\n",
       "      <td>0.011758</td>\n",
       "      <td>0.003595</td>\n",
       "      <td>0.012581</td>\n",
       "      <td>0.021594</td>\n",
       "      <td>0.003942</td>\n",
       "      <td>0.009720</td>\n",
       "      <td>0.011321</td>\n",
       "      <td>0.005865</td>\n",
       "      <td>0.007549</td>\n",
       "      <td>0.007759</td>\n",
       "      <td>0.007317</td>\n",
       "      <td>0.004823</td>\n",
       "      <td>0.010176</td>\n",
       "      <td>0.006414</td>\n",
       "    </tr>\n",
       "    <tr>\n",
       "      <th>T</th>\n",
       "      <td>0.011058</td>\n",
       "      <td>0.019846</td>\n",
       "      <td>0.001395</td>\n",
       "      <td>0.000891</td>\n",
       "      <td>0.018720</td>\n",
       "      <td>0.026464</td>\n",
       "      <td>0.026781</td>\n",
       "      <td>0.020985</td>\n",
       "      <td>0.033848</td>\n",
       "      <td>0.003942</td>\n",
       "      <td>0.065969</td>\n",
       "      <td>0.013963</td>\n",
       "      <td>0.015191</td>\n",
       "      <td>0.021950</td>\n",
       "      <td>0.019060</td>\n",
       "      <td>0.022192</td>\n",
       "      <td>0.012568</td>\n",
       "      <td>0.020900</td>\n",
       "      <td>0.035095</td>\n",
       "      <td>0.021491</td>\n",
       "    </tr>\n",
       "    <tr>\n",
       "      <th>UAA</th>\n",
       "      <td>0.021371</td>\n",
       "      <td>0.020659</td>\n",
       "      <td>0.009407</td>\n",
       "      <td>0.003461</td>\n",
       "      <td>0.027889</td>\n",
       "      <td>0.025245</td>\n",
       "      <td>0.030291</td>\n",
       "      <td>0.012137</td>\n",
       "      <td>0.040611</td>\n",
       "      <td>0.009720</td>\n",
       "      <td>0.013963</td>\n",
       "      <td>0.107597</td>\n",
       "      <td>0.035836</td>\n",
       "      <td>0.015710</td>\n",
       "      <td>0.025306</td>\n",
       "      <td>0.028977</td>\n",
       "      <td>0.024325</td>\n",
       "      <td>0.014870</td>\n",
       "      <td>0.034874</td>\n",
       "      <td>0.027716</td>\n",
       "    </tr>\n",
       "    <tr>\n",
       "      <th>SHLD</th>\n",
       "      <td>0.016418</td>\n",
       "      <td>0.022127</td>\n",
       "      <td>0.002191</td>\n",
       "      <td>0.003114</td>\n",
       "      <td>0.027333</td>\n",
       "      <td>0.025666</td>\n",
       "      <td>0.035381</td>\n",
       "      <td>0.015605</td>\n",
       "      <td>0.039452</td>\n",
       "      <td>0.011321</td>\n",
       "      <td>0.015191</td>\n",
       "      <td>0.035836</td>\n",
       "      <td>0.169301</td>\n",
       "      <td>0.016026</td>\n",
       "      <td>0.025948</td>\n",
       "      <td>0.035722</td>\n",
       "      <td>0.018643</td>\n",
       "      <td>0.014170</td>\n",
       "      <td>0.033018</td>\n",
       "      <td>0.026435</td>\n",
       "    </tr>\n",
       "    <tr>\n",
       "      <th>XOM</th>\n",
       "      <td>0.013362</td>\n",
       "      <td>0.020236</td>\n",
       "      <td>0.002214</td>\n",
       "      <td>0.001751</td>\n",
       "      <td>0.019637</td>\n",
       "      <td>0.025815</td>\n",
       "      <td>0.027946</td>\n",
       "      <td>0.017036</td>\n",
       "      <td>0.032159</td>\n",
       "      <td>0.005865</td>\n",
       "      <td>0.021950</td>\n",
       "      <td>0.015710</td>\n",
       "      <td>0.016026</td>\n",
       "      <td>0.054884</td>\n",
       "      <td>0.039978</td>\n",
       "      <td>0.017469</td>\n",
       "      <td>0.015026</td>\n",
       "      <td>0.022466</td>\n",
       "      <td>0.030036</td>\n",
       "      <td>0.021248</td>\n",
       "    </tr>\n",
       "    <tr>\n",
       "      <th>RRC</th>\n",
       "      <td>0.018714</td>\n",
       "      <td>0.029179</td>\n",
       "      <td>0.002741</td>\n",
       "      <td>0.002973</td>\n",
       "      <td>0.029789</td>\n",
       "      <td>0.029488</td>\n",
       "      <td>0.049354</td>\n",
       "      <td>0.012011</td>\n",
       "      <td>0.045077</td>\n",
       "      <td>0.007549</td>\n",
       "      <td>0.019060</td>\n",
       "      <td>0.025306</td>\n",
       "      <td>0.025948</td>\n",
       "      <td>0.039978</td>\n",
       "      <td>0.242590</td>\n",
       "      <td>0.031287</td>\n",
       "      <td>0.022353</td>\n",
       "      <td>0.020585</td>\n",
       "      <td>0.038146</td>\n",
       "      <td>0.025124</td>\n",
       "    </tr>\n",
       "    <tr>\n",
       "      <th>BBY</th>\n",
       "      <td>0.016089</td>\n",
       "      <td>0.048719</td>\n",
       "      <td>0.003813</td>\n",
       "      <td>0.002441</td>\n",
       "      <td>0.059925</td>\n",
       "      <td>0.041375</td>\n",
       "      <td>0.066146</td>\n",
       "      <td>0.037385</td>\n",
       "      <td>0.052162</td>\n",
       "      <td>0.007759</td>\n",
       "      <td>0.022192</td>\n",
       "      <td>0.028977</td>\n",
       "      <td>0.035722</td>\n",
       "      <td>0.017469</td>\n",
       "      <td>0.031287</td>\n",
       "      <td>0.268653</td>\n",
       "      <td>0.018424</td>\n",
       "      <td>0.023786</td>\n",
       "      <td>0.055938</td>\n",
       "      <td>0.045453</td>\n",
       "    </tr>\n",
       "    <tr>\n",
       "      <th>MA</th>\n",
       "      <td>0.019593</td>\n",
       "      <td>0.019587</td>\n",
       "      <td>0.004727</td>\n",
       "      <td>0.003182</td>\n",
       "      <td>0.023092</td>\n",
       "      <td>0.019308</td>\n",
       "      <td>0.026956</td>\n",
       "      <td>0.009599</td>\n",
       "      <td>0.035707</td>\n",
       "      <td>0.007317</td>\n",
       "      <td>0.012568</td>\n",
       "      <td>0.024325</td>\n",
       "      <td>0.018643</td>\n",
       "      <td>0.015026</td>\n",
       "      <td>0.022353</td>\n",
       "      <td>0.018424</td>\n",
       "      <td>0.051108</td>\n",
       "      <td>0.013032</td>\n",
       "      <td>0.029266</td>\n",
       "      <td>0.019480</td>\n",
       "    </tr>\n",
       "    <tr>\n",
       "      <th>PFE</th>\n",
       "      <td>0.010683</td>\n",
       "      <td>0.021324</td>\n",
       "      <td>0.002550</td>\n",
       "      <td>0.001624</td>\n",
       "      <td>0.024170</td>\n",
       "      <td>0.029891</td>\n",
       "      <td>0.027965</td>\n",
       "      <td>0.023160</td>\n",
       "      <td>0.034984</td>\n",
       "      <td>0.004823</td>\n",
       "      <td>0.020900</td>\n",
       "      <td>0.014870</td>\n",
       "      <td>0.014170</td>\n",
       "      <td>0.022466</td>\n",
       "      <td>0.020585</td>\n",
       "      <td>0.023786</td>\n",
       "      <td>0.013032</td>\n",
       "      <td>0.085783</td>\n",
       "      <td>0.034535</td>\n",
       "      <td>0.021844</td>\n",
       "    </tr>\n",
       "    <tr>\n",
       "      <th>JPM</th>\n",
       "      <td>0.023249</td>\n",
       "      <td>0.046814</td>\n",
       "      <td>0.003842</td>\n",
       "      <td>0.002654</td>\n",
       "      <td>0.053367</td>\n",
       "      <td>0.059131</td>\n",
       "      <td>0.069592</td>\n",
       "      <td>0.033017</td>\n",
       "      <td>0.116165</td>\n",
       "      <td>0.010176</td>\n",
       "      <td>0.035095</td>\n",
       "      <td>0.034874</td>\n",
       "      <td>0.033018</td>\n",
       "      <td>0.030036</td>\n",
       "      <td>0.038146</td>\n",
       "      <td>0.055938</td>\n",
       "      <td>0.029266</td>\n",
       "      <td>0.034535</td>\n",
       "      <td>0.146781</td>\n",
       "      <td>0.044845</td>\n",
       "    </tr>\n",
       "    <tr>\n",
       "      <th>SBUX</th>\n",
       "      <td>0.018075</td>\n",
       "      <td>0.039789</td>\n",
       "      <td>0.004501</td>\n",
       "      <td>0.002162</td>\n",
       "      <td>0.048322</td>\n",
       "      <td>0.034449</td>\n",
       "      <td>0.051764</td>\n",
       "      <td>0.025482</td>\n",
       "      <td>0.047582</td>\n",
       "      <td>0.006414</td>\n",
       "      <td>0.021491</td>\n",
       "      <td>0.027716</td>\n",
       "      <td>0.026435</td>\n",
       "      <td>0.021248</td>\n",
       "      <td>0.025124</td>\n",
       "      <td>0.045453</td>\n",
       "      <td>0.019480</td>\n",
       "      <td>0.021844</td>\n",
       "      <td>0.044845</td>\n",
       "      <td>0.139059</td>\n",
       "    </tr>\n",
       "  </tbody>\n",
       "</table>\n",
       "</div>"
      ],
      "text/plain": [
       "          GOOG      AAPL        FB      BABA      AMZN        GE       AMD  \\\n",
       "GOOG  0.045529  0.022143  0.006389  0.003720  0.026085  0.015815  0.021761   \n",
       "AAPL  0.022143  0.207037  0.004334  0.002954  0.058200  0.038102  0.084053   \n",
       "FB    0.006389  0.004334  0.029233  0.003770  0.007619  0.003008  0.005804   \n",
       "BABA  0.003720  0.002954  0.003770  0.013438  0.004176  0.002011  0.006332   \n",
       "AMZN  0.026085  0.058200  0.007619  0.004176  0.276365  0.038169  0.075657   \n",
       "GE    0.015815  0.038102  0.003008  0.002011  0.038169  0.083405  0.048580   \n",
       "AMD   0.021761  0.084053  0.005804  0.006332  0.075657  0.048580  0.388916   \n",
       "WMT   0.008238  0.026429  0.001243  0.001081  0.027457  0.029076  0.027113   \n",
       "BAC   0.026957  0.045966  0.004766  0.003077  0.049062  0.062871  0.068272   \n",
       "GM    0.006163  0.005791  0.003499  0.002573  0.006527  0.007533  0.011758   \n",
       "T     0.011058  0.019846  0.001395  0.000891  0.018720  0.026464  0.026781   \n",
       "UAA   0.021371  0.020659  0.009407  0.003461  0.027889  0.025245  0.030291   \n",
       "SHLD  0.016418  0.022127  0.002191  0.003114  0.027333  0.025666  0.035381   \n",
       "XOM   0.013362  0.020236  0.002214  0.001751  0.019637  0.025815  0.027946   \n",
       "RRC   0.018714  0.029179  0.002741  0.002973  0.029789  0.029488  0.049354   \n",
       "BBY   0.016089  0.048719  0.003813  0.002441  0.059925  0.041375  0.066146   \n",
       "MA    0.019593  0.019587  0.004727  0.003182  0.023092  0.019308  0.026956   \n",
       "PFE   0.010683  0.021324  0.002550  0.001624  0.024170  0.029891  0.027965   \n",
       "JPM   0.023249  0.046814  0.003842  0.002654  0.053367  0.059131  0.069592   \n",
       "SBUX  0.018075  0.039789  0.004501  0.002162  0.048322  0.034449  0.051764   \n",
       "\n",
       "           WMT       BAC        GM         T       UAA      SHLD       XOM  \\\n",
       "GOOG  0.008238  0.026957  0.006163  0.011058  0.021371  0.016418  0.013362   \n",
       "AAPL  0.026429  0.045966  0.005791  0.019846  0.020659  0.022127  0.020236   \n",
       "FB    0.001243  0.004766  0.003499  0.001395  0.009407  0.002191  0.002214   \n",
       "BABA  0.001081  0.003077  0.002573  0.000891  0.003461  0.003114  0.001751   \n",
       "AMZN  0.027457  0.049062  0.006527  0.018720  0.027889  0.027333  0.019637   \n",
       "GE    0.029076  0.062871  0.007533  0.026464  0.025245  0.025666  0.025815   \n",
       "AMD   0.027113  0.068272  0.011758  0.026781  0.030291  0.035381  0.027946   \n",
       "WMT   0.069478  0.030560  0.003595  0.020985  0.012137  0.015605  0.017036   \n",
       "BAC   0.030560  0.179868  0.012581  0.033848  0.040611  0.039452  0.032159   \n",
       "GM    0.003595  0.012581  0.021594  0.003942  0.009720  0.011321  0.005865   \n",
       "T     0.020985  0.033848  0.003942  0.065969  0.013963  0.015191  0.021950   \n",
       "UAA   0.012137  0.040611  0.009720  0.013963  0.107597  0.035836  0.015710   \n",
       "SHLD  0.015605  0.039452  0.011321  0.015191  0.035836  0.169301  0.016026   \n",
       "XOM   0.017036  0.032159  0.005865  0.021950  0.015710  0.016026  0.054884   \n",
       "RRC   0.012011  0.045077  0.007549  0.019060  0.025306  0.025948  0.039978   \n",
       "BBY   0.037385  0.052162  0.007759  0.022192  0.028977  0.035722  0.017469   \n",
       "MA    0.009599  0.035707  0.007317  0.012568  0.024325  0.018643  0.015026   \n",
       "PFE   0.023160  0.034984  0.004823  0.020900  0.014870  0.014170  0.022466   \n",
       "JPM   0.033017  0.116165  0.010176  0.035095  0.034874  0.033018  0.030036   \n",
       "SBUX  0.025482  0.047582  0.006414  0.021491  0.027716  0.026435  0.021248   \n",
       "\n",
       "           RRC       BBY        MA       PFE       JPM      SBUX  \n",
       "GOOG  0.018714  0.016089  0.019593  0.010683  0.023249  0.018075  \n",
       "AAPL  0.029179  0.048719  0.019587  0.021324  0.046814  0.039789  \n",
       "FB    0.002741  0.003813  0.004727  0.002550  0.003842  0.004501  \n",
       "BABA  0.002973  0.002441  0.003182  0.001624  0.002654  0.002162  \n",
       "AMZN  0.029789  0.059925  0.023092  0.024170  0.053367  0.048322  \n",
       "GE    0.029488  0.041375  0.019308  0.029891  0.059131  0.034449  \n",
       "AMD   0.049354  0.066146  0.026956  0.027965  0.069592  0.051764  \n",
       "WMT   0.012011  0.037385  0.009599  0.023160  0.033017  0.025482  \n",
       "BAC   0.045077  0.052162  0.035707  0.034984  0.116165  0.047582  \n",
       "GM    0.007549  0.007759  0.007317  0.004823  0.010176  0.006414  \n",
       "T     0.019060  0.022192  0.012568  0.020900  0.035095  0.021491  \n",
       "UAA   0.025306  0.028977  0.024325  0.014870  0.034874  0.027716  \n",
       "SHLD  0.025948  0.035722  0.018643  0.014170  0.033018  0.026435  \n",
       "XOM   0.039978  0.017469  0.015026  0.022466  0.030036  0.021248  \n",
       "RRC   0.242590  0.031287  0.022353  0.020585  0.038146  0.025124  \n",
       "BBY   0.031287  0.268653  0.018424  0.023786  0.055938  0.045453  \n",
       "MA    0.022353  0.018424  0.051108  0.013032  0.029266  0.019480  \n",
       "PFE   0.020585  0.023786  0.013032  0.085783  0.034535  0.021844  \n",
       "JPM   0.038146  0.055938  0.029266  0.034535  0.146781  0.044845  \n",
       "SBUX  0.025124  0.045453  0.019480  0.021844  0.044845  0.139059  "
      ]
     },
     "execution_count": 18,
     "metadata": {},
     "output_type": "execute_result"
    }
   ],
   "source": [
    "S"
   ]
  },
  {
   "cell_type": "code",
   "execution_count": 13,
   "metadata": {},
   "outputs": [],
   "source": [
    "\n",
    "ds = []\n",
    "for i in range(10000):\n",
    "\tmax_tech = np.random.rand()\n",
    "\tmax_retail = np.random.rand()\n",
    "\tmax_fig = np.random.rand()\n",
    "\tmax_energy = np.random.rand()\n",
    "\tutility_all = 0.2*np.random.rand()\n",
    "\tairline_all = 0.2*np.random.rand()\n",
    "\trho = (10 - 1)*np.random.rand() + 1\n",
    "\t\n",
    "\tweights = cp.Variable(len(mu))\n",
    "\tconstraints = [\n",
    "\t\tweights >= 0.0,\n",
    "\t\tcp.sum(weights) == 1.0,\n",
    "\t\tweights[5] == utility_all,\n",
    "\t\tweights[11] == airline_all,\n",
    "\t\tweights[[0,1,2,3,4,6]] <= max_tech,\n",
    "\t\tweights[[7,12,15,19]] <= max_retail,\n",
    "\t\tweights[[8,16,18]] <= max_fig,\n",
    "\t\tweights[[13,14]] <= max_energy\n",
    "\t]\n",
    "\n",
    "\tprob = cp.Problem(cp.Minimize(-(weights.T @ mu - 0.5 * rho* cp.quad_form(weights, S))),constraints)\n",
    "\tprob.solve()\n",
    "\tif prob.status == 'optimal': \n",
    "\t\tX = np.array([max_tech, max_retail, max_fig, max_energy, utility_all, airline_all, rho])\n",
    "\t\t#y = np.array([w for w in list(weights.value)])\n",
    "\t\tds.append((X, weights.value))"
   ]
  },
  {
   "cell_type": "code",
   "execution_count": 23,
   "metadata": {},
   "outputs": [],
   "source": [
    "in_dims = [0]"
   ]
  },
  {
   "cell_type": "code",
   "execution_count": 24,
   "metadata": {},
   "outputs": [],
   "source": [
    "in_dims.append({'x': 0})"
   ]
  },
  {
   "cell_type": "code",
   "execution_count": 26,
   "metadata": {},
   "outputs": [],
   "source": [
    "dict = {'x': 0, 'b': 5}"
   ]
  },
  {
   "cell_type": "code",
   "execution_count": 27,
   "metadata": {},
   "outputs": [],
   "source": [
    "batched_dict = {}\n",
    "for param in dict:\n",
    "    batched_dict[param] = 0"
   ]
  },
  {
   "cell_type": "code",
   "execution_count": 29,
   "metadata": {},
   "outputs": [
    {
     "data": {
      "text/plain": [
       "{'x': 0, 'b': 0}"
      ]
     },
     "execution_count": 29,
     "metadata": {},
     "output_type": "execute_result"
    }
   ],
   "source": [
    "batched_dict"
   ]
  },
  {
   "cell_type": "code",
   "execution_count": 14,
   "metadata": {},
   "outputs": [
    {
     "data": {
      "text/plain": [
       "[array([ 1.94134676e-02,  2.51683539e-02,  4.53836522e-01,  1.57471527e-01,\n",
       "         4.62176047e-02,  4.14204674e-02, -3.65487222e-23,  8.39352088e-23,\n",
       "         4.29365367e-24, -1.95883375e-23,  5.29637043e-23,  1.09243248e-01,\n",
       "         1.17275501e-23,  3.75139193e-23, -5.43513063e-24,  1.03981680e-24,\n",
       "         1.30581250e-01,  1.66475590e-02,  5.06052883e-25,  2.94780199e-23]),\n",
       " array([-4.17358860e-22,  6.67083801e-03,  4.81527474e-01, -2.94034221e-22,\n",
       "         4.94605019e-02,  1.58121912e-01, -4.31562532e-23, -2.09727830e-22,\n",
       "        -7.86284427e-23, -2.48260320e-22, -2.40448696e-22,  6.66945971e-02,\n",
       "        -9.04659696e-23, -2.99050441e-22, -6.18579643e-23, -4.22019402e-23,\n",
       "         2.37524677e-01, -4.12414407e-23, -2.01527977e-22, -4.19739669e-23]),\n",
       " array([ 2.74411207e-02,  2.45079466e-02,  2.66713941e-01,  1.30479534e-01,\n",
       "         6.93230122e-02,  1.40635667e-01, -1.02928708e-24, -6.19628044e-23,\n",
       "        -6.57127130e-23, -7.57375196e-23, -9.95199790e-23,  9.61608647e-02,\n",
       "         2.06902762e-23, -2.71943938e-23, -3.73890929e-23, -2.89926542e-23,\n",
       "         2.44737914e-01, -2.22036080e-22, -1.04787474e-22, -1.26366852e-23]),\n",
       " array([-3.38855040e-22, -2.11269917e-22,  2.11366039e-01, -3.27394655e-22,\n",
       "         3.49876018e-02,  1.63621767e-01, -8.03271222e-23, -2.47698151e-22,\n",
       "        -2.79273135e-22, -1.67019137e-22, -2.47130958e-22,  1.45375236e-01,\n",
       "        -2.73524749e-23, -2.44454981e-22, -7.97167553e-23, -4.07959992e-23,\n",
       "         4.44649356e-01, -1.64563795e-22, -2.76575472e-22, -1.59394133e-22]),\n",
       " array([ 1.59155534e-02,  1.59155534e-02,  1.59155534e-02,  1.59155534e-02,\n",
       "         1.59155534e-02,  4.00439628e-02,  6.37778869e-23,  5.47052035e-23,\n",
       "         1.44734409e-22,  2.11414117e-22,  1.91915552e-22,  1.12343681e-01,\n",
       "         1.76767600e-22,  1.53196889e-22,  7.77842594e-23,  1.04221806e-01,\n",
       "         1.27034148e-01,  4.31213144e-01, -3.81982888e-23,  1.05565490e-01]),\n",
       " array([ 2.62760917e-22, -3.55186793e-23,  3.13799006e-01,  6.02270894e-23,\n",
       "         1.88589155e-02,  1.75875029e-01, -1.39890883e-24, -2.26846298e-22,\n",
       "        -5.94268155e-23, -1.21250383e-22, -8.99724551e-23,  6.60383015e-02,\n",
       "        -1.49031230e-23, -2.07167968e-22, -6.88480938e-23, -8.36103045e-24,\n",
       "         4.25428748e-01, -6.91892788e-23, -9.55864463e-23, -2.48168696e-23]),\n",
       " array([ 1.53463660e-22,  7.81882939e-03,  4.16589790e-01,  7.38827676e-03,\n",
       "         3.50388801e-02,  2.61528061e-02,  1.34781215e-23, -6.22453011e-23,\n",
       "         2.27534397e-24, -2.77908602e-23, -1.05340427e-23,  3.55696442e-02,\n",
       "        -2.81416661e-23,  4.04420946e-23,  4.34441458e-25,  1.08301480e-23,\n",
       "         4.71441774e-01, -3.49736432e-23,  9.69233459e-24, -6.53531044e-24]),\n",
       " array([-1.86463407e-22,  2.77596793e-03,  4.39098291e-01, -8.06706714e-23,\n",
       "         5.98009764e-02,  1.23615624e-01, -1.20562994e-23, -1.07199798e-22,\n",
       "        -9.24921088e-23, -1.12725724e-22, -6.39515464e-24,  1.23819256e-01,\n",
       "        -1.34516464e-22, -2.27063570e-22, -3.86284939e-23,  4.79602752e-23,\n",
       "         2.50889884e-01, -2.97775510e-22, -1.04224133e-22, -2.60840644e-23]),\n",
       " array([-1.59246290e-22,  9.39058786e-04,  3.86086174e-01,  7.34283180e-02,\n",
       "         2.58476036e-02,  8.62099524e-02, -4.22209135e-24,  3.30556987e-23,\n",
       "        -3.73203435e-23,  5.96534961e-23, -3.09658183e-23,  2.14614003e-02,\n",
       "        -2.26540807e-23,  1.79939691e-23, -2.19857366e-23, -1.34426407e-23,\n",
       "         4.06027493e-01,  3.29333470e-24, -1.09945319e-23, -5.35638385e-23]),\n",
       " array([ 2.52152047e-23, -7.75077475e-23,  3.53899811e-01, -2.72130679e-23,\n",
       "         3.80417165e-02,  4.82756408e-02, -1.37484381e-23, -2.52167089e-23,\n",
       "        -1.23439146e-22, -1.95519423e-22, -4.97220874e-23,  3.87046524e-02,\n",
       "        -1.13373901e-22, -1.65971558e-22, -3.42404748e-23, -2.48448014e-23,\n",
       "         5.21078179e-01,  5.84843685e-23, -5.64608373e-23, -1.45598904e-22]),\n",
       " array([-7.75043691e-23,  4.22550455e-03,  3.51244472e-01,  5.81008206e-02,\n",
       "         2.42854138e-02,  8.94997936e-03, -2.50679053e-23, -2.73323916e-23,\n",
       "        -9.07512713e-23,  1.08445764e-22,  7.03124984e-23,  1.90578711e-01,\n",
       "         5.74531911e-23, -2.98158723e-23, -2.90066103e-23, -2.44074177e-23,\n",
       "         3.62615100e-01, -1.36672879e-23,  3.11571005e-23, -5.48329195e-24]),\n",
       " array([ 8.18852526e-23, -4.44176496e-23,  2.91246986e-01,  2.04334432e-23,\n",
       "         3.65696410e-02,  6.50603375e-02,  3.58825093e-23,  3.80963235e-23,\n",
       "        -8.69189667e-24,  3.88696963e-23,  9.69873161e-23,  7.29889044e-02,\n",
       "         2.18587263e-23, -9.71419051e-24, -1.44630894e-23, -3.89599055e-23,\n",
       "         5.34134131e-01,  8.77457507e-23,  7.01218347e-23, -5.55937311e-23]),\n",
       " array([ 1.87562989e-23,  1.77824855e-22,  1.43837333e-01,  7.59060204e-23,\n",
       "         4.85550232e-02,  1.93643511e-03,  1.09420224e-23,  9.96285632e-23,\n",
       "         4.04626177e-24,  1.37028361e-22,  1.31798415e-23,  1.54876673e-01,\n",
       "         7.59269037e-24,  7.36408177e-23,  6.86828158e-24,  4.83169486e-23,\n",
       "         6.50794536e-01, -2.51184709e-23, -1.09540468e-22,  1.71964497e-24]),\n",
       " array([-1.14699537e-22,  1.69266079e-22,  1.14202252e-01,  2.23263040e-22,\n",
       "         9.63844565e-02,  8.92297985e-02, -5.57608470e-23,  2.85720576e-22,\n",
       "         1.90753406e-22,  1.62311060e-22,  2.45092524e-22,  1.74157224e-02,\n",
       "         1.19584751e-22,  1.90091049e-22,  8.35258094e-23,  1.33010145e-22,\n",
       "         6.82767771e-01,  7.20050561e-23,  7.49471612e-23,  6.17208262e-23]),\n",
       " array([ 8.24745690e-23,  2.08467283e-23,  3.85669816e-01,  1.08636205e-22,\n",
       "         2.10865923e-02,  1.39225703e-01, -1.70857265e-23, -1.05454505e-22,\n",
       "         3.84408896e-23, -7.33094338e-23, -1.03324842e-22,  4.87024037e-02,\n",
       "         1.40834793e-24, -5.46529081e-24, -2.23669457e-23,  5.29646089e-24,\n",
       "         4.05315485e-01, -7.86835447e-24, -2.41352061e-23,  3.34130144e-23]),\n",
       " array([ 6.45172120e-23, -8.33648387e-24,  3.55560066e-01,  4.79544399e-02,\n",
       "         1.99719701e-02,  7.89161867e-02,  1.78254733e-24, -3.09063036e-24,\n",
       "        -3.68191182e-23, -9.81211012e-23, -5.63179068e-23,  1.39476404e-01,\n",
       "         5.54597913e-23, -1.10090855e-22, -3.38279027e-24, -1.53272565e-23,\n",
       "         3.58120934e-01, -3.93779933e-23, -6.83150660e-23,  2.49780328e-23]),\n",
       " array([ 1.96381325e-22, -6.42135700e-23,  1.97012614e-01,  1.43871907e-22,\n",
       "         2.86448904e-02,  1.52457756e-01,  5.43878620e-23, -8.94060301e-24,\n",
       "        -8.06740843e-23,  5.45914993e-23,  4.41853190e-23,  8.56193887e-02,\n",
       "        -6.32517951e-23, -1.50417957e-23,  9.63405748e-24,  2.31142658e-23,\n",
       "         5.36265351e-01, -7.18528127e-23, -8.34049194e-23, -7.47646780e-23]),\n",
       " array([ 2.72971943e-22,  1.15616226e-23,  2.17909495e-02,  2.08348013e-22,\n",
       "         3.44158228e-02,  1.98209448e-01, -9.04501047e-24,  1.69570548e-22,\n",
       "        -3.20824453e-23,  1.47429985e-22,  1.21980778e-22,  1.06453367e-01,\n",
       "         1.84989321e-22,  2.34967928e-22,  5.89166135e-23, -7.65939410e-23,\n",
       "         6.39130412e-01,  4.80456041e-22, -3.16430053e-23,  2.00476503e-22]),\n",
       " array([-1.61602164e-22,  3.23628345e-23,  2.46133733e-01, -1.01646083e-22,\n",
       "         2.36987255e-02,  1.45298418e-01, -3.05302272e-23, -1.23204907e-22,\n",
       "         1.06374545e-23, -1.78533935e-22, -2.30802806e-22,  1.13102964e-01,\n",
       "        -7.13505153e-23, -2.81889183e-22, -1.91649933e-23, -4.69318618e-23,\n",
       "         4.71766159e-01, -2.33276044e-22, -1.19330115e-22, -8.92051834e-23]),\n",
       " array([-1.48111838e-22, -3.84667502e-22,  3.29413301e-01, -3.09996010e-22,\n",
       "         1.49868390e-01,  1.34985146e-02, -1.21580934e-22, -2.89456954e-22,\n",
       "        -2.43470260e-22, -2.27887156e-22, -2.32646823e-22,  5.57649288e-03,\n",
       "        -3.46280259e-22, -1.77043703e-22, -1.37783579e-22, -1.73038786e-22,\n",
       "         5.01643301e-01, -2.33398928e-22, -2.43210090e-22, -1.27451065e-22]),\n",
       " array([-1.50681703e-23,  3.81324848e-23,  2.08226850e-01,  3.09337741e-22,\n",
       "         3.75291451e-02,  4.41663766e-02,  2.81180502e-23,  2.88755767e-22,\n",
       "         7.29838930e-23,  3.89576728e-22,  2.74729017e-22,  1.56472189e-01,\n",
       "         1.77794382e-22,  3.75565356e-22,  9.26007836e-23,  2.56419433e-23,\n",
       "         5.53605439e-01,  2.19309086e-22,  1.06239275e-22,  2.59178988e-23]),\n",
       " array([-2.26616183e-23,  8.54410945e-03,  3.55711002e-01,  1.19232890e-01,\n",
       "         2.57026295e-02,  4.93055024e-03,  2.10687020e-24,  4.49750326e-23,\n",
       "        -2.95933701e-23,  1.66429136e-22,  6.41957586e-23,  1.19590312e-01,\n",
       "         8.71702840e-24, -2.54316386e-24,  3.75443503e-24, -6.58315599e-24,\n",
       "         3.66288506e-01,  7.29686460e-23, -2.90690815e-23, -5.47883214e-23]),\n",
       " array([ 1.07607324e-01,  5.22486789e-02,  1.07607324e-01,  1.07607324e-01,\n",
       "         7.10871980e-02,  4.15554848e-02,  3.12895084e-23,  2.58703354e-23,\n",
       "        -1.44305649e-23,  1.24152678e-22,  8.05405566e-23,  1.67972491e-01,\n",
       "        -2.26949714e-24,  1.07080901e-22,  6.20666797e-24,  7.19175641e-26,\n",
       "         2.37101288e-01,  1.07212886e-01,  5.04875631e-24, -1.11244268e-23]),\n",
       " array([ 4.92040638e-02,  1.17487823e-02,  2.88098840e-01,  2.82324531e-01,\n",
       "         3.70313213e-02,  1.68229043e-01, -9.35807501e-24, -3.52535396e-23,\n",
       "        -2.97220053e-23, -1.65901364e-22, -1.34522538e-22,  3.30194059e-02,\n",
       "        -9.26012999e-23, -1.58246920e-22, -2.43363919e-23, -3.36795669e-23,\n",
       "         1.30344012e-01,  3.64040350e-23, -6.46090563e-23, -6.61535739e-23]),\n",
       " array([-7.57509895e-23,  4.25351574e-03,  3.88131391e-01,  1.87479922e-23,\n",
       "         3.98824932e-02,  4.05520653e-03, -1.09006863e-23,  2.32078551e-23,\n",
       "        -6.62868236e-24,  8.13578383e-24,  2.33833527e-23,  5.48887639e-02,\n",
       "        -4.86759281e-23,  8.57284933e-23, -1.54622356e-23,  5.21277300e-23,\n",
       "         5.08788630e-01, -7.35539820e-23,  2.88707292e-23, -5.02295927e-23]),\n",
       " array([ 8.98094848e-02,  2.28937408e-02,  2.70190338e-01,  2.70190338e-01,\n",
       "         4.99102526e-02,  1.22827936e-01,  1.71054031e-23, -7.39528883e-23,\n",
       "        -1.36682853e-23, -9.46652123e-23, -1.07024905e-22,  3.44738809e-02,\n",
       "        -9.19566883e-23, -6.59030829e-23, -1.84014871e-23, -2.45073521e-23,\n",
       "         1.20611805e-01,  1.90922233e-02, -1.74194199e-23, -3.89655780e-23]),\n",
       " array([ 9.10021327e-02,  9.10021327e-02,  9.10021327e-02, -8.85817042e-23,\n",
       "         9.10021327e-02,  1.31793837e-01, -4.62834396e-23, -2.05802632e-22,\n",
       "        -1.49812291e-22, -2.15311001e-22,  4.20323128e-24,  5.94261582e-02,\n",
       "        -1.99807279e-22,  2.59902836e-23, -1.53344114e-22,  1.06238099e-04,\n",
       "         3.89863194e-01,  5.48020418e-02, -6.80156086e-24, -1.91206506e-22]),\n",
       " array([ 1.35269681e-01,  1.35269681e-01,  1.35269681e-01,  3.38385028e-02,\n",
       "         1.35269681e-01,  4.32800940e-02,  8.18862020e-23,  9.18520693e-23,\n",
       "         2.11983124e-22,  1.50645896e-23,  9.04160830e-23,  1.90816153e-01,\n",
       "         1.90406124e-22,  3.57528459e-23,  6.88833933e-23, -2.28907165e-23,\n",
       "         1.07305931e-01,  8.36805951e-02,  1.55896069e-22, -8.69057965e-23]),\n",
       " array([-6.25769597e-23,  1.80360170e-22,  2.68448469e-01,  1.22363258e-23,\n",
       "         7.10507590e-02,  1.91298975e-01,  3.34402066e-23,  9.75071970e-23,\n",
       "        -1.22209010e-23,  9.40888520e-23, -1.95193091e-23,  1.27811767e-01,\n",
       "         8.30360606e-23, -1.80089247e-23, -1.01389556e-23,  3.74687205e-23,\n",
       "         3.41390030e-01,  9.47670356e-23,  1.44680231e-22,  1.81567834e-22]),\n",
       " array([ 2.96416896e-03,  2.96416896e-03,  2.96416896e-03,  2.96416896e-03,\n",
       "         2.96416896e-03,  1.81275922e-01, -9.42733437e-23, -1.99722330e-23,\n",
