{
 "cells": [
  {
   "cell_type": "code",
   "execution_count": 2,
   "metadata": {},
   "outputs": [],
   "source": [
    "from pypfopt.expected_returns import mean_historical_return\n",
    "from pypfopt.risk_models import CovarianceShrinkage\n",
    "import numpy as np\n",
    "import pandas as pd\n",
    "import torch"
   ]
  },
  {
   "cell_type": "code",
   "execution_count": 3,
   "metadata": {},
   "outputs": [],
   "source": [
    "df = pd.read_csv(\"stock_prices.csv\").drop(\"date\", axis=1)"
   ]
  },
  {
   "cell_type": "code",
   "execution_count": 4,
   "metadata": {},
   "outputs": [],
   "source": [
    "sector_mapper = {\n",
    "        \"GOOG\": \"tech\",\n",
    "        \"AAPL\": \"tech\",\n",
    "        \"FB\": \"tech\",\n",
    "        \"AMZN\": \"tech\",\n",
    "        \"BABA\": \"tech\",\n",
    "        \"GE\": \"utility\",\n",
    "        \"AMD\": \"tech\",\n",
    "        \"WMT\": \"retail\",\n",
    "        \"BAC\": \"fig\",\n",
    "        \"GM\": \"auto\",\n",
    "        \"T\": \"auto\",\n",
    "        \"UAA\": \"airline\",\n",
    "        \"SHLD\": \"retail\",\n",
    "        \"XOM\": \"energy\",\n",
    "        \"RRC\": \"energy\",\n",
    "        \"BBY\": \"retail\",\n",
    "        \"MA\": \"fig\",\n",
    "        \"PFE\": \"pharma\",\n",
    "        \"JPM\": \"fig\",\n",
    "        \"SBUX\": \"retail\",\n",
    "    }\n"
   ]
  },
  {
   "cell_type": "code",
   "execution_count": 5,
   "metadata": {},
   "outputs": [],
   "source": [
    "#df = df.iloc[:, :20]"
   ]
  },
  {
   "cell_type": "code",
   "execution_count": 6,
   "metadata": {},
   "outputs": [],
   "source": [
    "mu = mean_historical_return(df)\n",
    "S = CovarianceShrinkage(df).ledoit_wolf()"
   ]
  },
  {
   "cell_type": "code",
   "execution_count": 7,
   "metadata": {},
   "outputs": [
    {
     "data": {
      "text/plain": [
       "20"
      ]
     },
     "execution_count": 7,
     "metadata": {},
     "output_type": "execute_result"
    }
   ],
   "source": [
    "len(mu)"
   ]
  },
  {
   "cell_type": "code",
   "execution_count": 8,
   "metadata": {},
   "outputs": [],
   "source": [
    "tech = mu.iloc[[0,1,2,3,4,6]]\n",
    "utility = mu.iloc[[5]]\n",
    "retail = mu.iloc[[7, 12, 15, 19]]\n",
    "fig = mu.iloc[[8, 16, 18]]\n",
    "auto = mu.iloc[[9,10]]\n",
    "airline = mu.iloc[[11]]\n",
    "energy = mu.iloc[[13, 14]]\n",
    "pharma = mu.iloc[[17]]"
   ]
  },
  {
   "cell_type": "code",
   "execution_count": 9,
   "metadata": {},
   "outputs": [
    {
     "data": {
      "text/html": [
       "<div>\n",
       "<style scoped>\n",
       "    .dataframe tbody tr th:only-of-type {\n",
       "        vertical-align: middle;\n",
       "    }\n",
       "\n",
       "    .dataframe tbody tr th {\n",
       "        vertical-align: top;\n",
       "    }\n",
       "\n",
       "    .dataframe thead th {\n",
       "        text-align: right;\n",
       "    }\n",
       "</style>\n",
       "<table border=\"1\" class=\"dataframe\">\n",
       "  <thead>\n",
       "    <tr style=\"text-align: right;\">\n",
       "      <th></th>\n",
       "      <th>GOOG</th>\n",
       "      <th>AAPL</th>\n",
       "      <th>FB</th>\n",
       "      <th>BABA</th>\n",
       "      <th>AMZN</th>\n",
       "      <th>GE</th>\n",
       "      <th>AMD</th>\n",
       "      <th>WMT</th>\n",
       "      <th>BAC</th>\n",
       "      <th>GM</th>\n",
       "      <th>T</th>\n",
       "      <th>UAA</th>\n",
       "      <th>SHLD</th>\n",
       "      <th>XOM</th>\n",
       "      <th>RRC</th>\n",
       "      <th>BBY</th>\n",
       "      <th>MA</th>\n",
       "      <th>PFE</th>\n",
       "      <th>JPM</th>\n",
       "      <th>SBUX</th>\n",
       "    </tr>\n",
       "  </thead>\n",
       "  <tbody>\n",
       "    <tr>\n",
       "      <th>GOOG</th>\n",
       "      <td>0.045529</td>\n",
       "      <td>0.022143</td>\n",
       "      <td>0.006389</td>\n",
       "      <td>0.003720</td>\n",
       "      <td>0.026085</td>\n",
       "      <td>0.015815</td>\n",
       "      <td>0.021761</td>\n",
       "      <td>0.008238</td>\n",
       "      <td>0.026957</td>\n",
       "      <td>0.006163</td>\n",
       "      <td>0.011058</td>\n",
       "      <td>0.021371</td>\n",
       "      <td>0.016418</td>\n",
       "      <td>0.013362</td>\n",
       "      <td>0.018714</td>\n",
       "      <td>0.016089</td>\n",
       "      <td>0.019593</td>\n",
       "      <td>0.010683</td>\n",
       "      <td>0.023249</td>\n",
       "      <td>0.018075</td>\n",
       "    </tr>\n",
       "    <tr>\n",
       "      <th>AAPL</th>\n",
       "      <td>0.022143</td>\n",
       "      <td>0.207037</td>\n",
       "      <td>0.004334</td>\n",
       "      <td>0.002954</td>\n",
       "      <td>0.058200</td>\n",
       "      <td>0.038102</td>\n",
       "      <td>0.084053</td>\n",
       "      <td>0.026429</td>\n",
       "      <td>0.045966</td>\n",
       "      <td>0.005791</td>\n",
       "      <td>0.019846</td>\n",
       "      <td>0.020659</td>\n",
       "      <td>0.022127</td>\n",
       "      <td>0.020236</td>\n",
       "      <td>0.029179</td>\n",
       "      <td>0.048719</td>\n",
       "      <td>0.019587</td>\n",
       "      <td>0.021324</td>\n",
       "      <td>0.046814</td>\n",
       "      <td>0.039789</td>\n",
       "    </tr>\n",
       "    <tr>\n",
       "      <th>FB</th>\n",
       "      <td>0.006389</td>\n",
       "      <td>0.004334</td>\n",
       "      <td>0.029233</td>\n",
       "      <td>0.003770</td>\n",
       "      <td>0.007619</td>\n",
       "      <td>0.003008</td>\n",
       "      <td>0.005804</td>\n",
       "      <td>0.001243</td>\n",
       "      <td>0.004766</td>\n",
       "      <td>0.003499</td>\n",
       "      <td>0.001395</td>\n",
       "      <td>0.009407</td>\n",
       "      <td>0.002191</td>\n",
       "      <td>0.002214</td>\n",
       "      <td>0.002741</td>\n",
       "      <td>0.003813</td>\n",
       "      <td>0.004727</td>\n",
       "      <td>0.002550</td>\n",
       "      <td>0.003842</td>\n",
       "      <td>0.004501</td>\n",
       "    </tr>\n",
       "    <tr>\n",
       "      <th>BABA</th>\n",
       "      <td>0.003720</td>\n",
       "      <td>0.002954</td>\n",
       "      <td>0.003770</td>\n",
       "      <td>0.013438</td>\n",
       "      <td>0.004176</td>\n",
       "      <td>0.002011</td>\n",
       "      <td>0.006332</td>\n",
       "      <td>0.001081</td>\n",
       "      <td>0.003077</td>\n",
       "      <td>0.002573</td>\n",
       "      <td>0.000891</td>\n",
       "      <td>0.003461</td>\n",
       "      <td>0.003114</td>\n",
       "      <td>0.001751</td>\n",
       "      <td>0.002973</td>\n",
       "      <td>0.002441</td>\n",
       "      <td>0.003182</td>\n",
       "      <td>0.001624</td>\n",
       "      <td>0.002654</td>\n",
       "      <td>0.002162</td>\n",
       "    </tr>\n",
       "    <tr>\n",
       "      <th>AMZN</th>\n",
       "      <td>0.026085</td>\n",
       "      <td>0.058200</td>\n",
       "      <td>0.007619</td>\n",
       "      <td>0.004176</td>\n",
       "      <td>0.276365</td>\n",
       "      <td>0.038169</td>\n",
       "      <td>0.075657</td>\n",
       "      <td>0.027457</td>\n",
       "      <td>0.049062</td>\n",
       "      <td>0.006527</td>\n",
       "      <td>0.018720</td>\n",
       "      <td>0.027889</td>\n",
       "      <td>0.027333</td>\n",
       "      <td>0.019637</td>\n",
       "      <td>0.029789</td>\n",
       "      <td>0.059925</td>\n",
       "      <td>0.023092</td>\n",
       "      <td>0.024170</td>\n",
       "      <td>0.053367</td>\n",
       "      <td>0.048322</td>\n",
       "    </tr>\n",
       "    <tr>\n",
       "      <th>GE</th>\n",
       "      <td>0.015815</td>\n",
       "      <td>0.038102</td>\n",
       "      <td>0.003008</td>\n",
       "      <td>0.002011</td>\n",
       "      <td>0.038169</td>\n",
       "      <td>0.083405</td>\n",
       "      <td>0.048580</td>\n",
       "      <td>0.029076</td>\n",
       "      <td>0.062871</td>\n",
       "      <td>0.007533</td>\n",
       "      <td>0.026464</td>\n",
       "      <td>0.025245</td>\n",
       "      <td>0.025666</td>\n",
       "      <td>0.025815</td>\n",
       "      <td>0.029488</td>\n",
       "      <td>0.041375</td>\n",
       "      <td>0.019308</td>\n",
       "      <td>0.029891</td>\n",
       "      <td>0.059131</td>\n",
       "      <td>0.034449</td>\n",
       "    </tr>\n",
       "    <tr>\n",
       "      <th>AMD</th>\n",
       "      <td>0.021761</td>\n",
       "      <td>0.084053</td>\n",
       "      <td>0.005804</td>\n",
       "      <td>0.006332</td>\n",
       "      <td>0.075657</td>\n",
       "      <td>0.048580</td>\n",
       "      <td>0.388916</td>\n",
       "      <td>0.027113</td>\n",
       "      <td>0.068272</td>\n",
       "      <td>0.011758</td>\n",
       "      <td>0.026781</td>\n",
       "      <td>0.030291</td>\n",
       "      <td>0.035381</td>\n",
       "      <td>0.027946</td>\n",
       "      <td>0.049354</td>\n",
       "      <td>0.066146</td>\n",
       "      <td>0.026956</td>\n",
       "      <td>0.027965</td>\n",
       "      <td>0.069592</td>\n",
       "      <td>0.051764</td>\n",
       "    </tr>\n",
       "    <tr>\n",
       "      <th>WMT</th>\n",
       "      <td>0.008238</td>\n",
       "      <td>0.026429</td>\n",
       "      <td>0.001243</td>\n",
       "      <td>0.001081</td>\n",
       "      <td>0.027457</td>\n",
       "      <td>0.029076</td>\n",
       "      <td>0.027113</td>\n",
       "      <td>0.069478</td>\n",
       "      <td>0.030560</td>\n",
       "      <td>0.003595</td>\n",
       "      <td>0.020985</td>\n",
       "      <td>0.012137</td>\n",
       "      <td>0.015605</td>\n",
       "      <td>0.017036</td>\n",
       "      <td>0.012011</td>\n",
       "      <td>0.037385</td>\n",
       "      <td>0.009599</td>\n",
       "      <td>0.023160</td>\n",
       "      <td>0.033017</td>\n",
       "      <td>0.025482</td>\n",
       "    </tr>\n",
       "    <tr>\n",
       "      <th>BAC</th>\n",
       "      <td>0.026957</td>\n",
       "      <td>0.045966</td>\n",
       "      <td>0.004766</td>\n",
       "      <td>0.003077</td>\n",
       "      <td>0.049062</td>\n",
       "      <td>0.062871</td>\n",
       "      <td>0.068272</td>\n",
       "      <td>0.030560</td>\n",
       "      <td>0.179868</td>\n",
       "      <td>0.012581</td>\n",
       "      <td>0.033848</td>\n",
       "      <td>0.040611</td>\n",
       "      <td>0.039452</td>\n",
       "      <td>0.032159</td>\n",
       "      <td>0.045077</td>\n",
       "      <td>0.052162</td>\n",
       "      <td>0.035707</td>\n",
       "      <td>0.034984</td>\n",
       "      <td>0.116165</td>\n",
       "      <td>0.047582</td>\n",
       "    </tr>\n",
       "    <tr>\n",
       "      <th>GM</th>\n",
       "      <td>0.006163</td>\n",
       "      <td>0.005791</td>\n",
       "      <td>0.003499</td>\n",
       "      <td>0.002573</td>\n",
       "      <td>0.006527</td>\n",
       "      <td>0.007533</td>\n",
       "      <td>0.011758</td>\n",
       "      <td>0.003595</td>\n",
       "      <td>0.012581</td>\n",
       "      <td>0.021594</td>\n",
       "      <td>0.003942</td>\n",
       "      <td>0.009720</td>\n",
       "      <td>0.011321</td>\n",
       "      <td>0.005865</td>\n",
       "      <td>0.007549</td>\n",
       "      <td>0.007759</td>\n",
       "      <td>0.007317</td>\n",
       "      <td>0.004823</td>\n",
       "      <td>0.010176</td>\n",
       "      <td>0.006414</td>\n",
       "    </tr>\n",
       "    <tr>\n",
       "      <th>T</th>\n",
       "      <td>0.011058</td>\n",
       "      <td>0.019846</td>\n",
       "      <td>0.001395</td>\n",
       "      <td>0.000891</td>\n",
       "      <td>0.018720</td>\n",
       "      <td>0.026464</td>\n",
       "      <td>0.026781</td>\n",
       "      <td>0.020985</td>\n",
       "      <td>0.033848</td>\n",
       "      <td>0.003942</td>\n",
       "      <td>0.065969</td>\n",
       "      <td>0.013963</td>\n",
       "      <td>0.015191</td>\n",
       "      <td>0.021950</td>\n",
       "      <td>0.019060</td>\n",
       "      <td>0.022192</td>\n",
       "      <td>0.012568</td>\n",
       "      <td>0.020900</td>\n",
       "      <td>0.035095</td>\n",
       "      <td>0.021491</td>\n",
       "    </tr>\n",
       "    <tr>\n",
       "      <th>UAA</th>\n",
       "      <td>0.021371</td>\n",
       "      <td>0.020659</td>\n",
       "      <td>0.009407</td>\n",
       "      <td>0.003461</td>\n",
       "      <td>0.027889</td>\n",
       "      <td>0.025245</td>\n",
       "      <td>0.030291</td>\n",
       "      <td>0.012137</td>\n",
       "      <td>0.040611</td>\n",
       "      <td>0.009720</td>\n",
       "      <td>0.013963</td>\n",
       "      <td>0.107597</td>\n",
       "      <td>0.035836</td>\n",
       "      <td>0.015710</td>\n",
       "      <td>0.025306</td>\n",
       "      <td>0.028977</td>\n",
       "      <td>0.024325</td>\n",
       "      <td>0.014870</td>\n",
       "      <td>0.034874</td>\n",
       "      <td>0.027716</td>\n",
       "    </tr>\n",
       "    <tr>\n",
       "      <th>SHLD</th>\n",
       "      <td>0.016418</td>\n",
       "      <td>0.022127</td>\n",
       "      <td>0.002191</td>\n",
       "      <td>0.003114</td>\n",
       "      <td>0.027333</td>\n",
       "      <td>0.025666</td>\n",
       "      <td>0.035381</td>\n",
       "      <td>0.015605</td>\n",
       "      <td>0.039452</td>\n",
       "      <td>0.011321</td>\n",
       "      <td>0.015191</td>\n",
       "      <td>0.035836</td>\n",
       "      <td>0.169301</td>\n",
       "      <td>0.016026</td>\n",
       "      <td>0.025948</td>\n",
       "      <td>0.035722</td>\n",
       "      <td>0.018643</td>\n",
       "      <td>0.014170</td>\n",
       "      <td>0.033018</td>\n",
       "      <td>0.026435</td>\n",
       "    </tr>\n",
       "    <tr>\n",
       "      <th>XOM</th>\n",
       "      <td>0.013362</td>\n",
       "      <td>0.020236</td>\n",
       "      <td>0.002214</td>\n",
       "      <td>0.001751</td>\n",
       "      <td>0.019637</td>\n",
       "      <td>0.025815</td>\n",
       "      <td>0.027946</td>\n",
       "      <td>0.017036</td>\n",
       "      <td>0.032159</td>\n",
       "      <td>0.005865</td>\n",
       "      <td>0.021950</td>\n",
       "      <td>0.015710</td>\n",
       "      <td>0.016026</td>\n",
       "      <td>0.054884</td>\n",
       "      <td>0.039978</td>\n",
       "      <td>0.017469</td>\n",
       "      <td>0.015026</td>\n",
       "      <td>0.022466</td>\n",
       "      <td>0.030036</td>\n",
       "      <td>0.021248</td>\n",
       "    </tr>\n",
       "    <tr>\n",
       "      <th>RRC</th>\n",
       "      <td>0.018714</td>\n",
       "      <td>0.029179</td>\n",
       "      <td>0.002741</td>\n",
       "      <td>0.002973</td>\n",
       "      <td>0.029789</td>\n",
       "      <td>0.029488</td>\n",
       "      <td>0.049354</td>\n",
       "      <td>0.012011</td>\n",
       "      <td>0.045077</td>\n",
       "      <td>0.007549</td>\n",
       "      <td>0.019060</td>\n",
       "      <td>0.025306</td>\n",
       "      <td>0.025948</td>\n",
       "      <td>0.039978</td>\n",
       "      <td>0.242590</td>\n",
       "      <td>0.031287</td>\n",
       "      <td>0.022353</td>\n",
       "      <td>0.020585</td>\n",
       "      <td>0.038146</td>\n",
       "      <td>0.025124</td>\n",
       "    </tr>\n",
       "    <tr>\n",
       "      <th>BBY</th>\n",
       "      <td>0.016089</td>\n",
       "      <td>0.048719</td>\n",
       "      <td>0.003813</td>\n",
       "      <td>0.002441</td>\n",
       "      <td>0.059925</td>\n",
       "      <td>0.041375</td>\n",
       "      <td>0.066146</td>\n",
       "      <td>0.037385</td>\n",
       "      <td>0.052162</td>\n",
       "      <td>0.007759</td>\n",
       "      <td>0.022192</td>\n",
       "      <td>0.028977</td>\n",
       "      <td>0.035722</td>\n",
       "      <td>0.017469</td>\n",
       "      <td>0.031287</td>\n",
       "      <td>0.268653</td>\n",
       "      <td>0.018424</td>\n",
       "      <td>0.023786</td>\n",
       "      <td>0.055938</td>\n",
       "      <td>0.045453</td>\n",
       "    </tr>\n",
       "    <tr>\n",
       "      <th>MA</th>\n",
       "      <td>0.019593</td>\n",
       "      <td>0.019587</td>\n",
       "      <td>0.004727</td>\n",
       "      <td>0.003182</td>\n",
       "      <td>0.023092</td>\n",
       "      <td>0.019308</td>\n",
       "      <td>0.026956</td>\n",
       "      <td>0.009599</td>\n",
       "      <td>0.035707</td>\n",
       "      <td>0.007317</td>\n",
       "      <td>0.012568</td>\n",
       "      <td>0.024325</td>\n",
       "      <td>0.018643</td>\n",
       "      <td>0.015026</td>\n",
       "      <td>0.022353</td>\n",
       "      <td>0.018424</td>\n",
       "      <td>0.051108</td>\n",
       "      <td>0.013032</td>\n",
       "      <td>0.029266</td>\n",
       "      <td>0.019480</td>\n",
       "    </tr>\n",
       "    <tr>\n",
       "      <th>PFE</th>\n",
       "      <td>0.010683</td>\n",
       "      <td>0.021324</td>\n",
       "      <td>0.002550</td>\n",
       "      <td>0.001624</td>\n",
       "      <td>0.024170</td>\n",
       "      <td>0.029891</td>\n",
       "      <td>0.027965</td>\n",
       "      <td>0.023160</td>\n",
       "      <td>0.034984</td>\n",
       "      <td>0.004823</td>\n",
       "      <td>0.020900</td>\n",
       "      <td>0.014870</td>\n",
       "      <td>0.014170</td>\n",
       "      <td>0.022466</td>\n",
       "      <td>0.020585</td>\n",
       "      <td>0.023786</td>\n",
       "      <td>0.013032</td>\n",
       "      <td>0.085783</td>\n",
       "      <td>0.034535</td>\n",
       "      <td>0.021844</td>\n",
       "    </tr>\n",
       "    <tr>\n",
       "      <th>JPM</th>\n",
       "      <td>0.023249</td>\n",
       "      <td>0.046814</td>\n",
       "      <td>0.003842</td>\n",
       "      <td>0.002654</td>\n",
       "      <td>0.053367</td>\n",
       "      <td>0.059131</td>\n",
       "      <td>0.069592</td>\n",
       "      <td>0.033017</td>\n",
       "      <td>0.116165</td>\n",
       "      <td>0.010176</td>\n",
       "      <td>0.035095</td>\n",
       "      <td>0.034874</td>\n",
       "      <td>0.033018</td>\n",
       "      <td>0.030036</td>\n",
       "      <td>0.038146</td>\n",
       "      <td>0.055938</td>\n",
       "      <td>0.029266</td>\n",
       "      <td>0.034535</td>\n",
       "      <td>0.146781</td>\n",
       "      <td>0.044845</td>\n",
       "    </tr>\n",
       "    <tr>\n",
       "      <th>SBUX</th>\n",
       "      <td>0.018075</td>\n",
       "      <td>0.039789</td>\n",
       "      <td>0.004501</td>\n",
       "      <td>0.002162</td>\n",
       "      <td>0.048322</td>\n",
       "      <td>0.034449</td>\n",
       "      <td>0.051764</td>\n",
       "      <td>0.025482</td>\n",
       "      <td>0.047582</td>\n",
       "      <td>0.006414</td>\n",
       "      <td>0.021491</td>\n",
       "      <td>0.027716</td>\n",
       "      <td>0.026435</td>\n",
       "      <td>0.021248</td>\n",
       "      <td>0.025124</td>\n",
       "      <td>0.045453</td>\n",
       "      <td>0.019480</td>\n",
       "      <td>0.021844</td>\n",
       "      <td>0.044845</td>\n",
       "      <td>0.139059</td>\n",
       "    </tr>\n",
       "  </tbody>\n",
       "</table>\n",
       "</div>"
      ],
      "text/plain": [
       "          GOOG      AAPL        FB      BABA      AMZN        GE       AMD  \\\n",
       "GOOG  0.045529  0.022143  0.006389  0.003720  0.026085  0.015815  0.021761   \n",
       "AAPL  0.022143  0.207037  0.004334  0.002954  0.058200  0.038102  0.084053   \n",
       "FB    0.006389  0.004334  0.029233  0.003770  0.007619  0.003008  0.005804   \n",
       "BABA  0.003720  0.002954  0.003770  0.013438  0.004176  0.002011  0.006332   \n",
       "AMZN  0.026085  0.058200  0.007619  0.004176  0.276365  0.038169  0.075657   \n",
       "GE    0.015815  0.038102  0.003008  0.002011  0.038169  0.083405  0.048580   \n",
       "AMD   0.021761  0.084053  0.005804  0.006332  0.075657  0.048580  0.388916   \n",
       "WMT   0.008238  0.026429  0.001243  0.001081  0.027457  0.029076  0.027113   \n",
       "BAC   0.026957  0.045966  0.004766  0.003077  0.049062  0.062871  0.068272   \n",
       "GM    0.006163  0.005791  0.003499  0.002573  0.006527  0.007533  0.011758   \n",
       "T     0.011058  0.019846  0.001395  0.000891  0.018720  0.026464  0.026781   \n",
       "UAA   0.021371  0.020659  0.009407  0.003461  0.027889  0.025245  0.030291   \n",
       "SHLD  0.016418  0.022127  0.002191  0.003114  0.027333  0.025666  0.035381   \n",
       "XOM   0.013362  0.020236  0.002214  0.001751  0.019637  0.025815  0.027946   \n",
       "RRC   0.018714  0.029179  0.002741  0.002973  0.029789  0.029488  0.049354   \n",
       "BBY   0.016089  0.048719  0.003813  0.002441  0.059925  0.041375  0.066146   \n",
       "MA    0.019593  0.019587  0.004727  0.003182  0.023092  0.019308  0.026956   \n",
       "PFE   0.010683  0.021324  0.002550  0.001624  0.024170  0.029891  0.027965   \n",
       "JPM   0.023249  0.046814  0.003842  0.002654  0.053367  0.059131  0.069592   \n",
       "SBUX  0.018075  0.039789  0.004501  0.002162  0.048322  0.034449  0.051764   \n",
       "\n",
       "           WMT       BAC        GM         T       UAA      SHLD       XOM  \\\n",
       "GOOG  0.008238  0.026957  0.006163  0.011058  0.021371  0.016418  0.013362   \n",
       "AAPL  0.026429  0.045966  0.005791  0.019846  0.020659  0.022127  0.020236   \n",
       "FB    0.001243  0.004766  0.003499  0.001395  0.009407  0.002191  0.002214   \n",
       "BABA  0.001081  0.003077  0.002573  0.000891  0.003461  0.003114  0.001751   \n",
       "AMZN  0.027457  0.049062  0.006527  0.018720  0.027889  0.027333  0.019637   \n",
       "GE    0.029076  0.062871  0.007533  0.026464  0.025245  0.025666  0.025815   \n",
       "AMD   0.027113  0.068272  0.011758  0.026781  0.030291  0.035381  0.027946   \n",
       "WMT   0.069478  0.030560  0.003595  0.020985  0.012137  0.015605  0.017036   \n",
       "BAC   0.030560  0.179868  0.012581  0.033848  0.040611  0.039452  0.032159   \n",
       "GM    0.003595  0.012581  0.021594  0.003942  0.009720  0.011321  0.005865   \n",
       "T     0.020985  0.033848  0.003942  0.065969  0.013963  0.015191  0.021950   \n",
       "UAA   0.012137  0.040611  0.009720  0.013963  0.107597  0.035836  0.015710   \n",
       "SHLD  0.015605  0.039452  0.011321  0.015191  0.035836  0.169301  0.016026   \n",
       "XOM   0.017036  0.032159  0.005865  0.021950  0.015710  0.016026  0.054884   \n",
       "RRC   0.012011  0.045077  0.007549  0.019060  0.025306  0.025948  0.039978   \n",
       "BBY   0.037385  0.052162  0.007759  0.022192  0.028977  0.035722  0.017469   \n",
       "MA    0.009599  0.035707  0.007317  0.012568  0.024325  0.018643  0.015026   \n",
       "PFE   0.023160  0.034984  0.004823  0.020900  0.014870  0.014170  0.022466   \n",
       "JPM   0.033017  0.116165  0.010176  0.035095  0.034874  0.033018  0.030036   \n",
       "SBUX  0.025482  0.047582  0.006414  0.021491  0.027716  0.026435  0.021248   \n",
       "\n",
       "           RRC       BBY        MA       PFE       JPM      SBUX  \n",
       "GOOG  0.018714  0.016089  0.019593  0.010683  0.023249  0.018075  \n",
       "AAPL  0.029179  0.048719  0.019587  0.021324  0.046814  0.039789  \n",
       "FB    0.002741  0.003813  0.004727  0.002550  0.003842  0.004501  \n",
       "BABA  0.002973  0.002441  0.003182  0.001624  0.002654  0.002162  \n",
       "AMZN  0.029789  0.059925  0.023092  0.024170  0.053367  0.048322  \n",
       "GE    0.029488  0.041375  0.019308  0.029891  0.059131  0.034449  \n",
       "AMD   0.049354  0.066146  0.026956  0.027965  0.069592  0.051764  \n",
       "WMT   0.012011  0.037385  0.009599  0.023160  0.033017  0.025482  \n",
       "BAC   0.045077  0.052162  0.035707  0.034984  0.116165  0.047582  \n",
       "GM    0.007549  0.007759  0.007317  0.004823  0.010176  0.006414  \n",
       "T     0.019060  0.022192  0.012568  0.020900  0.035095  0.021491  \n",
       "UAA   0.025306  0.028977  0.024325  0.014870  0.034874  0.027716  \n",
       "SHLD  0.025948  0.035722  0.018643  0.014170  0.033018  0.026435  \n",
       "XOM   0.039978  0.017469  0.015026  0.022466  0.030036  0.021248  \n",
       "RRC   0.242590  0.031287  0.022353  0.020585  0.038146  0.025124  \n",
       "BBY   0.031287  0.268653  0.018424  0.023786  0.055938  0.045453  \n",
       "MA    0.022353  0.018424  0.051108  0.013032  0.029266  0.019480  \n",
       "PFE   0.020585  0.023786  0.013032  0.085783  0.034535  0.021844  \n",
       "JPM   0.038146  0.055938  0.029266  0.034535  0.146781  0.044845  \n",
       "SBUX  0.025124  0.045453  0.019480  0.021844  0.044845  0.139059  "
      ]
     },
     "execution_count": 9,
     "metadata": {},
     "output_type": "execute_result"
    }
   ],
   "source": [
    "S"
   ]
  },
  {
   "cell_type": "code",
   "execution_count": 10,
   "metadata": {},
   "outputs": [],
   "source": [
    "from pypfopt.efficient_frontier import EfficientFrontier\n",
    "import time\n",
    "ds = []\n",
    "for i in range(1000):\n",
    "\tmax_tech = np.random.rand()\n",
    "\tmax_retail = np.random.rand()\n",
    "\tmax_fig = np.random.rand()\n",
    "\tmax_energy = np.random.rand()\n",
    "\tutility_all = 0.2*np.random.rand()\n",
    "\tairline_all = 0.2*np.random.rand()\n",
    "\trho = (1 - 1e-12)*np.random.rand() + 1e-12\n",
    "\tsector_upper = {\n",
    "\t\t\t\"tech\": max_tech,\n",
    "\t\t\t\"retail\":max_retail,\n",
    "\t\t\t\"fig\": max_fig,\n",
    "\t\t\t\"energy\": max_energy}\n",
    "\n",
    "\tef = EfficientFrontier(mu, S)\n",
    "\tef.add_sector_constraints(sector_mapper,  {}, sector_upper)\n",
    "\tef.add_constraint(lambda x: x[5] == utility_all)\n",
    "\tef.add_constraint(lambda x: x[11] == airline_all)\n",
    "\t\n",
    "\tweights = ef.max_quadratic_utility(rho)\n",
    "\t#X = np.array([2*max_tech - 1, 2*max_retail - 1, 2*max_fig - 1, 2*max_energy - 1, 2*(utility_all/0.2) - 1, 2*(airline_all/0.2) - 1, 2*rho - 1])\n",
    "\tX = np.array([max_tech, max_retail, max_fig, max_energy, utility_all, airline_all, rho])\n",
    "\ty = np.array([w for w in list(weights.values())])\n",
    "\tds.append((X, y))\n",
    "\t"
   ]
  },
  {
   "cell_type": "code",
   "execution_count": 11,
   "metadata": {},
   "outputs": [],
   "source": [
    "from pickle import dump\n",
    "dump(ds, open(\"portfolio.pkl\", \"wb\"))"
   ]
  },
  {
   "cell_type": "code",
   "execution_count": 15,
   "metadata": {},
   "outputs": [
    {
     "data": {
      "text/plain": [
       "[array([0.        , 0.        , 0.        , 0.        , 0.10568896,\n",
       "        0.12463127, 0.        , 0.        , 0.        , 0.        ,\n",
       "        0.        , 0.1795322 , 0.        , 0.        , 0.        ,\n",
       "        0.        , 0.59014758, 0.        , 0.        , 0.        ]),\n",
       " array([0.        , 0.        , 0.        , 0.        , 0.        ,\n",
       "        0.11330334, 0.        , 0.        , 0.        , 0.        ,\n",
       "        0.        , 0.01175649, 0.        , 0.        , 0.        ,\n",
       "        0.        , 0.87494016, 0.        , 0.        , 0.        ]),\n",
       " array([0.        , 0.        , 0.        , 0.        , 0.58607608,\n",
       "        0.14537554, 0.        , 0.        , 0.        , 0.        ,\n",
       "        0.        , 0.16328493, 0.        , 0.        , 0.        ,\n",
       "        0.0844637 , 0.02079975, 0.        , 0.        , 0.        ]),\n",
       " array([0.        , 0.        , 0.        , 0.        , 0.03086387,\n",
       "        0.01082886, 0.        , 0.        , 0.        , 0.        ,\n",
       "        0.        , 0.15763226, 0.        , 0.        , 0.        ,\n",
       "        0.09795293, 0.36036099, 0.24683148, 0.        , 0.09552962]),\n",
       " array([0.        , 0.        , 0.        , 0.        , 0.10682791,\n",
       "        0.02965105, 0.        , 0.        , 0.        , 0.        ,\n",
       "        0.        , 0.01550097, 0.        , 0.        , 0.        ,\n",
       "        0.14712129, 0.42276063, 0.14270419, 0.        , 0.13543396]),\n",
       " array([0.        , 0.        , 0.        , 0.        , 0.06802709,\n",
       "        0.19421893, 0.        , 0.        , 0.        , 0.        ,\n",
       "        0.        , 0.0060181 , 0.        , 0.        , 0.        ,\n",
       "        0.33766449, 0.31556893, 0.        , 0.        , 0.07850246]),\n",
       " array([0.        , 0.        , 0.        , 0.        , 0.5516321 ,\n",
       "        0.13630782, 0.        , 0.        , 0.        , 0.        ,\n",
       "        0.        , 0.1303263 , 0.        , 0.        , 0.        ,\n",
       "        0.        , 0.18173378, 0.        , 0.        , 0.        ]),\n",
       " array([0.        , 0.        , 0.        , 0.        , 0.03328056,\n",
       "        0.07850844, 0.        , 0.        , 0.        , 0.        ,\n",
       "        0.        , 0.01645029, 0.        , 0.        , 0.        ,\n",
       "        0.        , 0.87176072, 0.        , 0.        , 0.        ]),\n",
       " array([0.        , 0.        , 0.        , 0.        , 0.05142702,\n",
       "        0.07381458, 0.        , 0.        , 0.        , 0.        ,\n",
       "        0.        , 0.17152985, 0.        , 0.        , 0.        ,\n",
       "        0.        , 0.70322855, 0.        , 0.        , 0.        ]),\n",
       " array([0.        , 0.        , 0.        , 0.        , 0.19205986,\n",
       "        0.02091926, 0.        , 0.        , 0.        , 0.        ,\n",
       "        0.        , 0.13205866, 0.        , 0.        , 0.        ,\n",
       "        0.        , 0.65496222, 0.        , 0.        , 0.        ]),\n",
       " array([0.        , 0.        , 0.        , 0.        , 0.00823382,\n",
       "        0.07581494, 0.        , 0.        , 0.        , 0.        ,\n",
       "        0.        , 0.00993922, 0.        , 0.        , 0.        ,\n",
       "        0.        , 0.90601203, 0.        , 0.        , 0.        ]),\n",
       " array([0.        , 0.        , 0.        , 0.        , 0.45384165,\n",
       "        0.18654835, 0.        , 0.        , 0.        , 0.        ,\n",
       "        0.        , 0.02760223, 0.        , 0.        , 0.        ,\n",
       "        0.13086666, 0.03633968, 0.07897362, 0.        , 0.08582781]),\n",
       " array([0.        , 0.        , 0.        , 0.        , 0.4690624 ,\n",
       "        0.16428966, 0.        , 0.        , 0.        , 0.        ,\n",
       "        0.        , 0.01403989, 0.        , 0.        , 0.        ,\n",
       "        0.        , 0.35260805, 0.        , 0.        , 0.        ]),\n",
       " array([0.        , 0.        , 0.        , 0.        , 0.44038769,\n",
       "        0.0020472 , 0.        , 0.        , 0.        , 0.        ,\n",
       "        0.        , 0.12020976, 0.        , 0.        , 0.        ,\n",
       "        0.        , 0.43735534, 0.        , 0.        , 0.        ]),\n",
       " array([0.        , 0.        , 0.01497507, 0.        , 0.51442269,\n",
       "        0.18240127, 0.        , 0.        , 0.        , 0.        ,\n",
       "        0.        , 0.08973712, 0.        , 0.        , 0.        ,\n",
       "        0.02458603, 0.04753639, 0.11734552, 0.        , 0.00899591]),\n",
       " array([0.        , 0.        , 0.        , 0.        , 0.22807639,\n",
       "        0.12537913, 0.        , 0.        , 0.        , 0.        ,\n",
       "        0.        , 0.155874  , 0.        , 0.        , 0.        ,\n",
       "        0.        , 0.49067048, 0.        , 0.        , 0.        ]),\n",
       " array([0.        , 0.        , 0.        , 0.        , 0.45641674,\n",
       "        0.18643225, 0.        , 0.        , 0.        , 0.        ,\n",
       "        0.        , 0.11655008, 0.        , 0.        , 0.        ,\n",
       "        0.02420115, 0.21639978, 0.        , 0.        , 0.        ]),\n",
       " array([0.        , 0.        , 0.        , 0.        , 0.13232578,\n",
       "        0.15638064, 0.        , 0.        , 0.        , 0.        ,\n",
       "        0.        , 0.15010597, 0.        , 0.        , 0.        ,\n",
       "        0.        , 0.56118761, 0.        , 0.        , 0.        ]),\n",
       " array([0.        , 0.        , 0.        , 0.        , 0.31299822,\n",
       "        0.15051847, 0.        , 0.        , 0.        , 0.        ,\n",
       "        0.        , 0.05178561, 0.        , 0.        , 0.        ,\n",
       "        0.08795125, 0.29276549, 0.05783193, 0.        , 0.04614902]),\n",
       " array([0.        , 0.        , 0.        , 0.        , 0.33834599,\n",
       "        0.15124527, 0.        , 0.        , 0.        , 0.        ,\n",
       "        0.        , 0.02644327, 0.        , 0.        , 0.        ,\n",
       "        0.00934894, 0.46901041, 0.00560612, 0.        , 0.        ]),\n",
       " array([0.        , 0.        , 0.        , 0.        , 0.03609097,\n",
       "        0.18508891, 0.        , 0.        , 0.        , 0.        ,\n",
       "        0.        , 0.02180532, 0.        , 0.        , 0.        ,\n",
       "        0.10046805, 0.35429333, 0.18026936, 0.        , 0.12198406]),\n",
       " array([0.        , 0.        , 0.        , 0.        , 0.36345808,\n",
       "        0.11769113, 0.        , 0.        , 0.        , 0.        ,\n",
       "        0.        , 0.17611895, 0.        , 0.        , 0.        ,\n",
       "        0.        , 0.34273185, 0.        , 0.        , 0.        ]),\n",
       " array([0.        , 0.        , 0.        , 0.        , 0.30131471,\n",
       "        0.15882607, 0.        , 0.        , 0.        , 0.        ,\n",
       "        0.        , 0.00653119, 0.        , 0.        , 0.        ,\n",
       "        0.        , 0.53332803, 0.        , 0.        , 0.        ]),\n",
       " array([0.        , 0.        , 0.        , 0.        , 0.15350808,\n",
       "        0.05270249, 0.        , 0.        , 0.        , 0.        ,\n",
       "        0.        , 0.19400931, 0.        , 0.        , 0.        ,\n",
       "        0.        , 0.59978012, 0.        , 0.        , 0.        ]),\n",
       " array([0.        , 0.        , 0.00130602, 0.        , 0.50213368,\n",
       "        0.1317971 , 0.        , 0.        , 0.        , 0.        ,\n",
       "        0.        , 0.15227495, 0.        , 0.        , 0.        ,\n",
       "        0.        , 0.21248825, 0.        , 0.        , 0.        ]),\n",
       " array([0.        , 0.        , 0.        , 0.        , 0.28096337,\n",
       "        0.14179205, 0.        , 0.        , 0.        , 0.        ,\n",
       "        0.        , 0.09743636, 0.        , 0.        , 0.        ,\n",
       "        0.        , 0.47980822, 0.        , 0.        , 0.        ]),\n",
       " array([0.        , 0.        , 0.        , 0.        , 0.        ,\n",
       "        0.19487229, 0.        , 0.        , 0.        , 0.        ,\n",
       "        0.        , 0.03056057, 0.        , 0.        , 0.        ,\n",
       "        0.        , 0.77456715, 0.        , 0.        , 0.        ]),\n",
       " array([0.        , 0.        , 0.13440519, 0.        , 0.48628174,\n",
       "        0.00168655, 0.        , 0.        , 0.        , 0.        ,\n",
       "        0.        , 0.04575503, 0.        , 0.        , 0.        ,\n",
       "        0.00463816, 0.29203948, 0.03519386, 0.        , 0.        ]),\n",
       " array([0.        , 0.        , 0.        , 0.        , 0.01348918,\n",
       "        0.06781986, 0.        , 0.        , 0.        , 0.        ,\n",
       "        0.        , 0.09734749, 0.        , 0.        , 0.        ,\n",
       "        0.        , 0.82134347, 0.        , 0.        , 0.        ]),\n",
       " array([0.        , 0.        , 0.        , 0.        , 0.11286315,\n",
       "        0.16366132, 0.        , 0.        , 0.        , 0.        ,\n",
       "        0.        , 0.04661032, 0.        , 0.        , 0.        ,\n",
       "        0.        , 0.67686522, 0.        , 0.        , 0.        ]),\n",
       " array([0.        , 0.        , 0.00237626, 0.        , 0.40847611,\n",
       "        0.00120811, 0.        , 0.        , 0.        , 0.        ,\n",
       "        0.        , 0.17557544, 0.        , 0.        , 0.        ,\n",
       "        0.        , 0.41236407, 0.        , 0.        , 0.        ]),\n",
       " array([0.        , 0.        , 0.        , 0.        , 0.28525715,\n",
       "        0.14491455, 0.        , 0.        , 0.        , 0.        ,\n",
       "        0.        , 0.02405303, 0.        , 0.        , 0.        ,\n",
       "        0.        , 0.54577527, 0.        , 0.        , 0.        ]),\n",
       " array([0.        , 0.        , 0.        , 0.        , 0.52536211,\n",
       "        0.18298825, 0.        , 0.        , 0.        , 0.        ,\n",
       "        0.        , 0.06909954, 0.        , 0.        , 0.        ,\n",
       "        0.04031991, 0.18223019, 0.        , 0.        , 0.        ]),\n",
       " array([0.        , 0.        , 0.        , 0.        , 0.2453402 ,\n",
       "        0.18886285, 0.        , 0.        , 0.        , 0.        ,\n",
       "        0.        , 0.10941144, 0.        , 0.        , 0.        ,\n",
       "        0.        , 0.45638551, 0.        , 0.        , 0.        ]),\n",
       " array([0.        , 0.        , 0.        , 0.        , 0.        ,\n",
       "        0.18085139, 0.        , 0.        , 0.        , 0.        ,\n",
       "        0.        , 0.19261544, 0.        , 0.        , 0.        ,\n",
       "        0.        , 0.62653316, 0.        , 0.        , 0.        ]),\n",
       " array([0.        , 0.        , 0.        , 0.        , 0.        ,\n",
       "        0.150669  , 0.        , 0.        , 0.        , 0.        ,\n",
       "        0.        , 0.14115132, 0.        , 0.        , 0.        ,\n",
       "        0.        , 0.70817969, 0.        , 0.        , 0.        ]),\n",
       " array([0.        , 0.        , 0.        , 0.        , 0.18746784,\n",
       "        0.14027276, 0.        , 0.        , 0.        , 0.        ,\n",
       "        0.        , 0.16422498, 0.        , 0.        , 0.        ,\n",
       "        0.        , 0.50803442, 0.        , 0.        , 0.        ]),\n",
       " array([0.        , 0.        , 0.31398818, 0.        , 0.4422522 ,\n",
       "        0.06386388, 0.        , 0.        , 0.        , 0.        ,\n",
       "        0.        , 0.01066709, 0.        , 0.        , 0.        ,\n",
       "        0.02231261, 0.03286837, 0.10396189, 0.        , 0.01008578]),\n",
       " array([0.        , 0.        , 0.07105902, 0.        , 0.47525826,\n",
       "        0.11292206, 0.        , 0.        , 0.        , 0.        ,\n",
       "        0.        , 0.13353771, 0.        , 0.        , 0.        ,\n",
       "        0.        , 0.20722294, 0.        , 0.        , 0.        ]),\n",
       " array([0.        , 0.        , 0.        , 0.        , 0.40432674,\n",
       "        0.01884423, 0.        , 0.        , 0.        , 0.        ,\n",
       "        0.        , 0.13096024, 0.        , 0.        , 0.        ,\n",
       "        0.        , 0.44586879, 0.        , 0.        , 0.        ]),\n",
